# callgrind format
version: 1
creator: callgrind-3.15.0
pid: 149257
cmd:  ./track-mem
part: 1


desc: I1 cache: 
desc: D1 cache: 
desc: LL cache: 

desc: Timerange: Basic block 0 - 486647
desc: Trigger: Program termination

positions: line
events: Ir
summary: 2965008


ob=(6) /usr/lib/x86_64-linux-gnu/libasan.so.6.0.0
fl=(131) ???
fn=(560) 0x00000000000c8e90
0 16451

fn=(1246) 0x00000000000db590
0 28
cfn=(722) 0x00000000000c0110
calls=1 0 
0 160
0 7
cfn=(742) 0x00000000000c8720
calls=1 0 
0 14
0 3
cfn=(722)
calls=1 0 
0 23
0 8
cfn=(742)
calls=1 0 
0 14
0 3
cfn=(722)
calls=1 0 
0 23
0 8
cfn=(742)
calls=1 0 
0 14
0 3
cfn=(722)
calls=1 0 
0 23
0 8
cfn=(742)
calls=1 0 
0 14
0 3
cfn=(722)
calls=1 0 
0 23
0 8
cfn=(742)
calls=1 0 
0 14
0 3
cfn=(722)
calls=1 0 
0 23
0 8
cfn=(742)
calls=1 0 
0 14
0 3
cfn=(722)
calls=1 0 
0 23
0 8
cfn=(742)
calls=1 0 
0 14
0 3
cfn=(722)
calls=1 0 
0 23
0 8
cfn=(742)
calls=1 0 
0 14
0 3
cfn=(722)
calls=1 0 
0 23
0 8
cfn=(742)
calls=1 0 
0 14
0 3
cfn=(722)
calls=1 0 
0 23
0 8
cfn=(742)
calls=1 0 
0 14
0 3
cfn=(722)
calls=1 0 
0 23
0 8
cfn=(742)
calls=1 0 
0 14
0 3
cfn=(722)
calls=1 0 
0 23
0 8
cfn=(742)
calls=1 0 
0 14
0 3
cfn=(722)
calls=1 0 
0 23
0 9
cfn=(742)
calls=1 0 
0 14
0 3
cfn=(722)
calls=1 0 
0 23
0 13

fn=(1332) __asan_default_options
0 3

fn=(1338) 0x00000000000dba40
0 5

fn=(1346) 0x00000000000c86a0
0 20
cfn=(662) 0x00000000000c9cc0
calls=2 0 
0 45298
0 26

fn=(1490) 0x00000000000cf520
0 24
cfn=(1494) 0x00000000000ca050
calls=1 0 
0 4
0 2
cfn=(1500) 0x00000000000c2b80
calls=1 0 
0 3
0 8
cfn=(1510) 0x00000000000cee80
calls=1 0 
0 2277
0 6
cfn=(1618) 0x00000000000c5f30
calls=1 0 
0 544
0 2
cfn=(1644) 0x00000000000c2640
calls=1 0 
0 1758
0 2
cob=(1) /usr/lib/x86_64-linux-gnu/ld-2.31.so
cfi=(121) /build/glibc-eX1tMB/glibc-2.31/elf/../sysdeps/x86_64/dl-trampoline.h
cfn=(366) _dl_runtime_resolve_xsave
calls=1 67 
0 655
0 5
0 5
cfn=(1670) 0x00000000000cc610
calls=1 0 
0 5
0 20
cfn=(1506) 0x00000000000cf470
calls=1 0 
0 430
0 9

fn=(458) 0x00000000000ccf70
0 150

fn=(522) 0x00000000000c9970
0 32

fn=(1360) 0x00000000000c7d70
0 7

fn=(1556) 0x00000000000ceb90
0 225

fn=(1626) 0x00000000000c5f50
0 17

fn=(1664) __sanitizer_on_print
0 2

fn=(422) 0x00000000000cad20
0 20

fn=(452) 0x00000000000cd200
0 180
cfn=(458)
calls=6 0 
0 150
0 42
cfn=(468) 0x00000000000c98e0
calls=6 0 
0 102
0 24
cfn=(474) 0x00000000000c98c0
calls=6 0 
0 30
0 18
cfn=(474)
calls=6 0 
0 30
0 24
cfn=(484) 0x00000000000c2910
calls=6 0 
0 30
0 72

fn=(600) 0x00000000000c8d00
0 705

fn=(630) 0x00000000000c89f0
0 55

fn=(694) 0x00000000000c8980
0 2130

fn=(920) 0x00000000000c6d80
0 20
cfn=(722)
calls=2 0 
0 46
0 16
cfn=(742)
calls=2 0 
0 28
0 6
cfn=(722)
calls=2 0 
0 46
0 56
cfn=(722)
calls=2 0 
0 46
0 14
cfn=(742)
calls=2 0 
0 28
0 6
cfn=(722)
calls=2 0 
0 46
0 16
cfn=(742)
calls=2 0 
0 28
0 6
cfn=(722)
calls=2 0 
0 46
0 16
cfn=(742)
calls=2 0 
0 28
0 6
cfn=(722)
calls=2 0 
0 46
0 16
cfn=(742)
calls=2 0 
0 28
0 6
cfn=(722)
calls=2 0 
0 46
0 16
cfn=(742)
calls=2 0 
0 28
0 6
cfn=(722)
calls=2 0 
0 46
0 16
cfn=(742)
calls=2 0 
0 28
0 6
cfn=(722)
calls=2 0 
0 46
0 16
cfn=(742)
calls=2 0 
0 28
0 6
cfn=(722)
calls=2 0 
0 46
0 16
cfn=(742)
calls=2 0 
0 28
0 6
cfn=(722)
calls=2 0 
0 46
0 16
cfn=(742)
calls=2 0 
0 28
0 6
cfn=(722)
calls=2 0 
0 46
0 16
cfn=(742)
calls=2 0 
0 28
0 6
cfn=(722)
calls=2 0 
0 46
0 16
cfn=(742)
calls=2 0 
0 28
0 6
cfn=(722)
calls=2 0 
0 46
0 16
cfn=(742)
calls=2 0 
0 28
0 6
cfn=(722)
calls=2 0 
0 46
0 16
cfn=(742)
calls=2 0 
0 28
0 6
cfn=(722)
calls=2 0 
0 46
0 16
cfn=(742)
calls=2 0 
0 28
0 6
cfn=(722)
calls=2 0 
0 46
0 16
cfn=(742)
calls=2 0 
0 28
0 6
cfn=(722)
calls=2 0 
0 46
0 16
cfn=(742)
calls=2 0 
0 28
0 6
cfn=(722)
calls=2 0 
0 46
0 16
cfn=(742)
calls=2 0 
0 28
0 6
cfn=(722)
calls=2 0 
0 46
0 16
cfn=(742)
calls=2 0 
0 28
0 6
cfn=(722)
calls=2 0 
0 46
0 18
cfn=(742)
calls=2 0 
0 28
0 6
cfn=(722)
calls=2 0 
0 46
0 16
cfn=(742)
calls=2 0 
0 28
0 6
cfn=(722)
calls=2 0 
0 46
0 16
cfn=(742)
calls=2 0 
0 28
0 6
cfn=(722)
calls=2 0 
0 46
0 16
cfn=(742)
calls=2 0 
0 28
0 6
cfn=(722)
calls=2 0 
0 46
0 16
cfn=(742)
calls=2 0 
0 28
0 6
cfn=(722)
calls=2 0 
0 46
0 16
cfn=(742)
calls=2 0 
0 28
0 6
cfn=(722)
calls=2 0 
0 46
0 16
cfn=(742)
calls=2 0 
0 28
0 6
cfn=(722)
calls=2 0 
0 46
0 18
cfn=(742)
calls=2 0 
0 28
0 6
cfn=(722)
calls=2 0 
0 46
0 16
cfn=(742)
calls=2 0 
0 28
0 6
cfn=(722)
calls=2 0 
0 46
0 16
cfn=(742)
calls=2 0 
0 28
0 6
cfn=(722)
calls=2 0 
0 46
0 16
cfn=(742)
calls=2 0 
0 28
0 6
cfn=(722)
calls=2 0 
0 46
0 16
cfn=(742)
calls=2 0 
0 28
0 6
cfn=(722)
calls=2 0 
0 46
0 16
cfn=(742)
calls=2 0 
0 28
0 6
cfn=(722)
calls=2 0 
0 46
0 16
cfn=(742)
calls=2 0 
0 28
0 6
cfn=(722)
calls=2 0 
0 46
0 16
cfn=(742)
calls=2 0 
0 28
0 6
cfn=(722)
calls=2 0 
0 46
0 16
cfn=(742)
calls=2 0 
0 28
0 6
cfn=(722)
calls=2 0 
0 46
0 16
cfn=(742)
calls=2 0 
0 28
0 6
cfn=(722)
calls=2 0 
0 46
0 16
cfn=(742)
calls=2 0 
0 28
0 6
cfn=(722)
calls=2 0 
0 46
0 16
cfn=(742)
calls=2 0 
0 28
0 6
cfn=(722)
calls=2 0 
0 46
0 18
cfn=(742)
calls=2 0 
0 28
0 6
cfn=(722)
calls=2 0 
0 46
0 16
cfn=(742)
calls=2 0 
0 28
0 6
cfn=(722)
calls=2 0 
0 46
0 16
cfn=(742)
calls=2 0 
0 28
0 6
cfn=(722)
calls=2 0 
0 46
0 16
cfn=(742)
calls=2 0 
0 28
0 6
cfn=(722)
calls=2 0 
0 46
0 16
cfn=(742)
calls=2 0 
0 28
0 6
cfn=(722)
calls=2 0 
0 46
0 16
cfn=(742)
calls=2 0 
0 28
0 6
cfn=(722)
calls=2 0 
0 46
0 16
cfn=(742)
calls=2 0 
0 28
0 6
cfn=(722)
calls=2 0 
0 46
0 16
cfn=(742)
calls=2 0 
0 28
0 6
cfn=(722)
calls=2 0 
0 46
0 16
cfn=(742)
calls=2 0 
0 28
0 6
cfn=(722)
calls=2 0 
0 46
0 16
cfn=(742)
calls=2 0 
0 28
0 6
cfn=(722)
calls=2 0 
0 46
0 16
cfn=(742)
calls=2 0 
0 28
0 6
cfn=(722)
calls=2 0 
0 46
0 16
cfn=(742)
calls=2 0 
0 28
0 6
cfn=(722)
calls=2 0 
0 46
0 16
cfn=(742)
calls=2 0 
0 28
0 6
cfn=(722)
calls=2 0 
0 46
0 16
cfn=(742)
calls=2 0 
0 28
0 6
cfn=(722)
calls=2 0 
0 46
0 16
cfn=(742)
calls=2 0 
0 28
0 6
cfn=(722)
calls=2 0 
0 46
0 16
cfn=(742)
calls=2 0 
0 28
0 6
cfn=(722)
calls=2 0 
0 46
0 16
cfn=(742)
calls=2 0 
0 28
0 6
cfn=(722)
calls=2 0 
0 46
0 16
cfn=(742)
calls=2 0 
0 28
0 6
cfn=(722)
calls=2 0 
0 46
0 16
cfn=(742)
calls=2 0 
0 28
0 6
cfn=(722)
calls=2 0 
0 46
0 16
cfn=(742)
calls=2 0 
0 28
0 6
cfn=(722)
calls=2 0 
0 46
0 16
cfn=(742)
calls=2 0 
0 28
0 6
cfn=(722)
calls=2 0 
0 46
0 16
cfn=(742)
calls=2 0 
0 28
0 6
cfn=(722)
calls=2 0 
0 46
0 16
cfn=(742)
calls=2 0 
0 28
0 6
cfn=(722)
calls=2 0 
0 46
0 16
cfn=(742)
calls=2 0 
0 28
0 6
cfn=(722)
calls=2 0 
0 46
0 16
cfn=(742)
calls=2 0 
0 28
0 6
cfn=(722)
calls=2 0 
0 46
0 16
cfn=(742)
calls=2 0 
0 28
0 6
cfn=(722)
calls=2 0 
0 46
0 16
cfn=(742)
calls=2 0 
0 28
0 6
cfn=(722)
calls=2 0 
0 46
0 16
cfn=(742)
calls=2 0 
0 28
0 6
cfn=(722)
calls=2 0 
0 46
0 16
cfn=(742)
calls=2 0 
0 28
0 6
cfn=(722)
calls=2 0 
0 46
0 16
cfn=(742)
calls=2 0 
0 28
0 6
cfn=(722)
calls=2 0 
0 46
0 16
cfn=(742)
calls=2 0 
0 28
0 6
cfn=(722)
calls=2 0 
0 46
0 16
cfn=(742)
calls=2 0 
0 28
0 6
cfn=(722)
calls=2 0 
0 46
0 16
cfn=(742)
calls=2 0 
0 28
0 6
cfn=(722)
calls=2 0 
0 46
0 16
cfn=(742)
calls=2 0 
0 28
0 6
cfn=(722)
calls=2 0 
0 46
0 16
cfn=(742)
calls=2 0 
0 28
0 6
cfn=(722)
calls=2 0 
0 46
0 16
cfn=(742)
calls=2 0 
0 28
0 6
cfn=(722)
calls=2 0 
0 46
0 16
cfn=(742)
calls=2 0 
0 28
0 6
cfn=(722)
calls=2 0 
0 46
0 16
cfn=(742)
calls=2 0 
0 28
0 6
cfn=(722)
calls=2 0 
0 46
0 16
cfn=(742)
calls=2 0 
0 28
0 6
cfn=(722)
calls=2 0 
0 46
0 16
cfn=(742)
calls=2 0 
0 28
0 48

fn=(1420) 0x00000000000afd30
0 38
cfn=(1430) 0x00000000000c8bf0
calls=1 0 
0 14
0 9

fn=(1484) 0x00000000000cf8c0
0 23
cfn=(1488) 0x00000000000cf7a0
calls=1 0 
0 5774
0 5

fn=(1494)
0 4

fn=(1506)
0 18
cfn=(1510)
calls=1 0 
0 407
0 5

fn=(434) 0x00000000000c60e0
0 90
cfn=(446) 0x00000000000cc820
calls=2 0 
0 8
0 8
cfn=(452)
calls=2 0 
0 234
0 12
cfn=(494) 0x00000000000cc910
calls=2 0 
0 88
0 48
cfn=(520) 0x00000000000cc9e0
calls=4 0 
0 144
0 54
cfn=(544) 0x00000000000cc9d0
calls=2 0 
0 14
0 5
cfn=(440) 0x00000000000cad10
calls=1 0 
0 3
0 4

fn=(614) 0x00000000000c8cd0
0 74

fn=(646) 0x00000000000c69a0
0 57

fn=(680) 0x00000000000c8910
0 62436

fn=(720) 0x00000000000c8780
0 18
cfn=(722)
calls=2 0 
0 320
0 6

fn=(1408) 0x00000000000affa0
0 12
cob=(1)
cfi=(121)
cfn=(366)
calls=1 67 
0 1154
0 5
0 6
cfn=(1448) 0x00000000000c8f50
calls=1 0 
0 768
0 5
cfn=(1448)
calls=1 0 
0 798
0 4
cfn=(1484)
calls=1 0 
0 5802
0 1
cfn=(1690) 0x00000000000d9720
calls=1 0 
0 44

fn=(1448)
0 1566

fn=(1488)
0 10
cfn=(1490)
calls=1 0 
0 5759
0 5

fn=(412) 0x0000000000023d90
0 4

fn=(644) 0x00000000000364e0
0 18
cfn=(646)
calls=1 0 
0 57
0 3
cfn=(650) 0x00000000000c6b20
calls=1 0 
0 1252
0 2
cfn=(662)
calls=1 0 
0 23014
0 7
cfn=(650)
calls=1 0 
0 1252
0 2
cfn=(716) 0x0000000000036430
calls=1 0 
0 29
0 2
cfn=(720)
calls=1 0 
0 172
0 4
cfn=(722)
calls=1 0 
0 160
0 8
cfn=(742)
calls=1 0 
0 14
0 3
cfn=(722)
calls=1 0 
0 23
0 8
cfn=(742)
calls=1 0 
0 14
0 3
cfn=(722)
calls=1 0 
0 23
0 8
cfn=(742)
calls=1 0 
0 14
0 3
cfn=(722)
calls=1 0 
0 23
0 8
cfn=(742)
calls=1 0 
0 14
0 3
cfn=(722)
calls=1 0 
0 23
0 8
cfn=(742)
calls=1 0 
0 14
0 3
cfn=(722)
calls=1 0 
0 23
0 8
cfn=(742)
calls=1 0 
0 14
0 3
cfn=(722)
calls=1 0 
0 23
0 8
cfn=(742)
calls=1 0 
0 14
0 3
cfn=(722)
calls=1 0 
0 23
0 8
cfn=(742)
calls=1 0 
0 14
0 3
cfn=(722)
calls=1 0 
0 23
0 8
cfn=(742)
calls=1 0 
0 14
0 3
cfn=(722)
calls=1 0 
0 23
0 8
cfn=(742)
calls=1 0 
0 14
0 3
cfn=(722)
calls=1 0 
0 23
0 8
cfn=(742)
calls=1 0 
0 14
0 3
cfn=(722)
calls=1 0 
0 23
0 8
cfn=(742)
calls=1 0 
0 14
0 3
cfn=(722)
calls=1 0 
0 23
0 8
cfn=(742)
calls=1 0 
0 14
0 3
cfn=(722)
calls=1 0 
0 23
0 8
cfn=(742)
calls=1 0 
0 14
0 3
cfn=(722)
calls=1 0 
0 23
0 8
cfn=(742)
calls=1 0 
0 14
0 3
cfn=(722)
calls=1 0 
0 23
0 8
cfn=(742)
calls=1 0 
0 14
0 3
cfn=(722)
calls=1 0 
0 23
0 8
cfn=(742)
calls=1 0 
0 14
0 3
cfn=(722)
calls=1 0 
0 23
0 8
cfn=(742)
calls=1 0 
0 14
0 3
cfn=(722)
calls=1 0 
0 23
0 8
cfn=(742)
calls=1 0 
0 14
0 3
cfn=(722)
calls=1 0 
0 23
0 8
cfn=(742)
calls=1 0 
0 14
0 3
cfn=(722)
calls=1 0 
0 23
0 8
cfn=(742)
calls=1 0 
0 14
0 3
cfn=(722)
calls=1 0 
0 23
0 8
cfn=(742)
calls=1 0 
0 14
0 3
cfn=(722)
calls=1 0 
0 23
0 8
cfn=(742)
calls=1 0 
0 14
0 3
cfn=(722)
calls=1 0 
0 23
0 8
cfn=(742)
calls=1 0 
0 14
0 3
cfn=(722)
calls=1 0 
0 23
0 8
cfn=(742)
calls=1 0 
0 14
0 3
cfn=(722)
calls=1 0 
0 23
0 8
cfn=(742)
calls=1 0 
0 14
0 3
cfn=(722)
calls=1 0 
0 23
0 8
cfn=(742)
calls=1 0 
0 14
0 3
cfn=(722)
calls=1 0 
0 23
0 8
cfn=(742)
calls=1 0 
0 14
0 3
cfn=(722)
calls=1 0 
0 23
0 8
cfn=(742)
calls=1 0 
0 14
0 3
cfn=(722)
calls=1 0 
0 23
0 8
cfn=(742)
calls=1 0 
0 14
0 3
cfn=(722)
calls=1 0 
0 23
0 8
cfn=(742)
calls=1 0 
0 14
0 3
cfn=(722)
calls=1 0 
0 23
0 8
cfn=(742)
calls=1 0 
0 14
0 3
cfn=(722)
calls=1 0 
0 23
0 8
cfn=(742)
calls=1 0 
0 14
0 3
cfn=(722)
calls=1 0 
0 23
0 8
cfn=(742)
calls=1 0 
0 14
0 3
cfn=(722)
calls=1 0 
0 23
0 8
cfn=(742)
calls=1 0 
0 14
0 3
cfn=(722)
calls=1 0 
0 23
0 8
cfn=(742)
calls=1 0 
0 14
0 3
cfn=(722)
calls=1 0 
0 23
0 8
cfn=(742)
calls=1 0 
0 14
0 3
cfn=(722)
calls=1 0 
0 23
0 8
cfn=(742)
calls=1 0 
0 14
0 3
cfn=(722)
calls=1 0 
0 23
0 8
cfn=(742)
calls=1 0 
0 14
0 3
cfn=(722)
calls=1 0 
0 23
0 9
cfn=(742)
calls=1 0 
0 14
0 3
cfn=(722)
calls=1 0 
0 23
0 8
cfn=(742)
calls=1 0 
0 14
0 3
cfn=(722)
calls=1 0 
0 23
0 8
cfn=(742)
calls=1 0 
0 14
0 3
cfn=(722)
calls=1 0 
0 23
0 8
cfn=(742)
calls=1 0 
0 14
0 3
cfn=(722)
calls=1 0 
0 23
0 8
cfn=(742)
calls=1 0 
0 14
0 3
cfn=(920)
calls=1 0 
0 3828
0 3
cfn=(1240) 0x00000000000db560
calls=1 0 
0 10
0 2
cfn=(720)
calls=1 0 
0 172
0 3
cfn=(1246)
calls=1 0 
0 825
0 3
cfn=(920)
calls=1 0 
0 3828
0 4
cfn=(1306) 0x00000000000c8650
calls=1 0 
0 46
0 1
cob=(1)
cfi=(121)
cfn=(366)
calls=1 67 
0 672
0 5
0 4
cfn=(1306)
calls=1 0 
0 46
0 1
cfn=(1338)
calls=1 0 
0 5
0 4
cfn=(1306)
calls=1 0 
0 46
0 3
cfn=(1346)
calls=1 0 
0 22651
0 3
cfn=(1346)
calls=1 0 
0 22693
0 2
cfn=(1360)
calls=1 0 
0 7
0 57

fn=(650)
0 2504

fn=(742)
0 2982

fn=(1634) 0x00000000000c99a0
0 8

fn=(410) __asan_init
0 10
cfn=(418) 0x00000000000c2ba0
calls=1 0 
0 17137
0 1
cfn=(644)
calls=1 0 
0 82988
0 1
cfn=(1402) 0x00000000000b0040
calls=1 0 
0 7
0 1
cfn=(1408)
calls=1 0 
0 8599
0 3
cfn=(412)
calls=1 0 
0 4
0 10

fn=(418)
0 6
cfn=(432) 0x00000000000cadb0
calls=1 0 
0 16919
0 3
cfn=(614)
calls=1 0 
0 74
0 6
cfn=(600)
calls=1 0 
0 33
0 7
cfn=(630)
calls=1 0 
0 55
0 12
cfn=(422)
calls=1 0 
0 20
0 2

fn=(494)
0 30
cfn=(502) 0x00000000000c9950
calls=2 0 
0 12
0 10
cfn=(474)
calls=2 0 
0 10
0 26

fn=(1430)
0 14

fn=(1618)
0 4
cfn=(600)
calls=1 0 
0 483
0 21
cfn=(1626)
calls=1 0 
0 17
0 4
cfn=(1634)
calls=1 0 
0 8
0 7

fn=(1644)
0 1758

fn=(446)
0 22
cfn=(584) 0x00000000000c9910
calls=1 0 
0 4
0 3
cfn=(474)
calls=1 0 
0 5
0 9

fn=(468)
0 102

fn=(474)
0 95

fn=(484)
0 30

fn=(584)
0 4

fn=(716)
0 29

fn=(440)
0 3

fn=(662)
0 57
cfn=(600)
calls=3 0 
0 150
0 714
cfn=(694)
calls=174 0 
0 2130
0 1896
cfn=(680)
calls=171 0 
0 61848
0 15
cfn=(680)
calls=3 0 
0 588
0 560
cfn=(434)
calls=1 0 
0 352
0 2

fn=(722)
0 5058
cfn=(452)
calls=4 0 
0 468
0 36

fn=(1306)
0 39
cfn=(1310) 0x00000000000c84c0
calls=3 0 
0 81
0 18

fn=(1310)
0 81

fn=(1402)
0 7

fn=(1500)
0 3

fn=(1670)
0 5

fn=(432)
0 16
cfn=(434)
calls=1 0 
0 360
0 6
cfn=(560)
calls=1 0 
0 16451
0 3
cfn=(446)
calls=1 0 
0 35
0 2
cfn=(600)
calls=1 0 
0 39
0 7

fn=(502)
0 12

fn=(520)
0 28
cfn=(522)
calls=4 0 
0 32
0 16
cfn=(474)
calls=4 0 
0 20
0 48

fn=(544)
0 14

fn=(1240)
0 10

fn=(1510)
0 2392
cfn=(1556)
calls=1 0 
0 225
0 67

fn=(1690)
0 44

ob=(1)
fl=(122) /build/glibc-eX1tMB/glibc-2.31/elf/../elf/dl-runtime.c
fn=(368) _dl_fixup
66 21
+6 14
-6 7
+3 14
+3 21
-4 7
+5 7
+2 7
-2 35
+2 7
-2 7
+2 7
+5 14
+4 14
+4 21
+4 14
+1 28
-7 28
+16 7
-1 7
+1 14
+10 70
cfi=(6) /build/glibc-eX1tMB/glibc-2.31/elf/dl-lookup.c
cfn=(208) _dl_lookup_symbol_x
calls=7 841 
* 5217
* 7
+4 35
+10 63
+7 7
+8 28
+4 21
fi=(5) /build/glibc-eX1tMB/glibc-2.31/elf/../sysdeps/x86_64/dl-machine.h
+97 7
fe=(122)
-93 21

fl=(42) /build/glibc-eX1tMB/glibc-2.31/io/../sysdeps/unix/sysv/linux/wordsize-64/fxstat.c
fn=(132) _fxstat
33 36
+1 18
+1 36
+4 9

fl=(22) /build/glibc-eX1tMB/glibc-2.31/string/../sysdeps/x86_64/strcmp.S
fn=(58) strcmp
111 2929
+33 2929
+1 2929
+2 2929
+1 2929
+21 2929
+1 2929
+1 2311
+1 2311
+1 2101
+1 2101
+1 2101
+1 2101
+21 2101
+1 2101
+1 2101
+1 2101
+1 2101
+1 2101
+1 2101
+5 77
+1 231
+9 77
+1 77
+1 77
+1 77
+1 77
+1 77
+1 77
+1 77
-7 828
+1 828
+1 828
+1 828
+1 828
+1 828
+1 828
+1 828
+1 290
+1 232
+1 232
+1 232
+2 232
+1 232
+1 232
+1 232
+1 232
+1 232
-5 58
+1 58
+1 58
+1 58
+1 58
+1 58
+10 615
+1 615
+1 615
+2 615
+6 615
+1 615
+1 615
+1 615
+1 615
+5 615
+2 602
+1 602
+1 1204
+8 602
+1 602
+3 602
+1 602
+1 602
+1 602
+1 602
+1 602
-9 19
+1 19
+3 19
+1 19
+1 19
+1 19
+1 19
+1 19
+6 29
+1 29
+1 29
+3 29
+1 29
+1 29
+1 29
+1 29
+1 29
+5 19
+1 19
+9 34
+1 34
+1 34
+1 34
+1 34
+2 34
+1 34
+1 34
+1 34
+1 34
+1 34
+1 34
+1 13
+3 13
+1 13
+1 13
+6 13
+1 13
+1 26
+4 13
+1 13
+3 13
+1 13
+1 13
+3 13
+1 13
+1 13
+6 13
+1 13
+1 13
+1 13
+1 13
+1 13
+78 2
+1 2
+1 2
+1 2
+1 2
+2 2
+1 2
+1 2
+1 2
+1 2
+1 2
+1 2
+1 2
+3 2
+1 2
+1 2
+6 2
+1 2
+1 4
+4 2
+1 2
+3 2
+1 2
+1 2
+3 2
+1 2
+1 2
+6 2
+1 2
+1 2
+1 2
+1 2
+1 2
696 2
+1 2
+1 2
+1 2
+1 2
+2 2
+1 2
+1 2
+1 2
+1 2
+1 2
+1 2
+1 2
+4 2
+1 2
+1 2
+6 2
+1 2
+1 4
+4 2
+1 2
+3 2
+1 2
+1 2
+3 2
+1 2
+1 2
+6 2
+1 2
+1 2
+1 2
+1 2
+1 2
+7 1
+1 1
+2 1
+1 1
+2 1
+1 1
+1 1
+3 1
+1 1
+1 1
+6 1
+1 1
+1 1
+1 1
+1 1
+1 1
+41 49
+1 49
+1 49
+1 49
+1 49
+2 49
+1 49
+1 49
+1 49
+1 49
+1 49
+1 49
+1 9
+4 9
+1 9
+1 9
+6 9
+1 9
+1 18
+4 9
+1 9
+3 9
+1 9
+1 9
+3 9
+1 9
+1 9
+6 9
+1 9
+1 9
+1 9
+1 9
+1 9
+7 1
+1 1
+2 1
+1 1
+2 1
+1 1
+1 1
+3 1
+1 1
+1 1
+6 1
+1 1
+1 1
+1 1
+1 1
+1 1
+41 24
+1 24
+1 24
+1 24
+1 24
+2 24
+1 24
+1 24
+1 24
+1 24
+1 24
+1 24
+1 7
+4 7
+1 7
+1 7
+6 7
+1 7
+1 14
+4 7
+1 7
+3 7
+1 7
+1 7
+3 7
+1 7
+1 7
+6 7
+1 7
+1 7
+1 7
+1 7
+1 7
+72 11
+1 11
+1 11
+1 11
+1 11
+2 11
+1 11
+1 11
+1 11
+1 11
+1 11
+1 11
+1 5
+4 5
+1 5
+1 5
+6 5
+1 5
+1 10
+4 5
+1 5
+3 5
+1 5
+1 5
+3 5
+1 5
+1 5
+6 5
+1 5
+1 5
+1 5
+1 5
+1 5
+72 6
+1 6
+1 6
+1 6
+1 6
+2 6
+1 6
+1 6
+1 6
+1 6
+1 6
+1 6
+1 3
+4 3
+1 3
+1 3
+6 3
+1 3
+1 6
+4 3
+1 3
+3 3
+1 3
+1 3
+3 3
+1 3
+1 3
+6 3
+1 3
+1 3
+1 3
+1 3
+1 3
+7 2
+1 2
+2 2
+1 2
+2 2
+1 2
+1 2
+3 2
+1 2
+1 2
+6 2
+1 2
+1 2
+1 2
+1 2
+1 2
+41 38
+1 38
+1 38
+1 38
+1 38
+2 38
+1 38
+1 38
+1 38
+1 38
+1 38
+1 38
+1 10
+4 10
+1 10
+1 10
+6 10
+1 10
+1 20
+4 10
+1 10
+3 10
+1 10
+1 10
+3 10
+1 10
+1 10
+6 10
+1 10
+1 10
+1 10
+1 10
+1 10
+7 2
+1 2
+2 2
+1 2
+2 2
+1 2
+1 2
+3 2
+1 2
+1 2
+6 2
+1 2
+1 2
+1 2
+1 2
+1 2
+41 12
+1 12
+1 12
+1 12
+1 12
+2 12
+1 12
+1 12
+1 12
+1 12
+1 12
+1 12
+1 7
+4 7
+1 7
+1 7
+6 7
+1 7
+1 14
+4 7
+1 7
+3 7
+1 7
+1 7
+3 7
+1 7
+1 7
+6 7
+1 7
+1 7
+1 7
+1 7
+1 7
+72 32
+1 32
+1 32
+1 32
+1 32
+2 32
+1 32
+1 32
+1 32
+1 32
+1 32
+1 32
+1 6
+4 6
+1 6
+1 6
+6 6
+1 6
+1 12
+4 6
+1 6
+3 6
+1 6
+1 6
+3 6
+1 6
+1 6
+6 6
+1 6
+1 6
+1 6
+1 6
+1 6
+72 17
+1 17
+1 17
+1 17
+1 17
+2 17
+1 17
+1 17
+1 17
+1 17
+1 17
+1 17
+1 11
+4 11
+1 11
+1 11
+6 11
+1 11
+1 22
+4 11
+1 11
+3 11
+1 11
+1 11
+3 11
+1 11
+1 11
+6 11
+1 11
+1 11
+1 11
+1 11
+1 11
+7 4
+1 4
+2 4
+1 4
+2 4
+1 4
+1 4
+3 4
+1 4
+1 4
+6 4
+1 4
+1 4
+1 4
+1 4
+1 4
+41 21
+1 21
+1 21
+1 21
+1 21
+2 21
+1 21
+1 21
+1 21
+1 21
+1 21
+1 21
+1 9
+4 9
+1 9
+1 9
+6 9
+1 9
+1 18
+4 9
+1 9
-1 1
+1 1
+3 10
+1 10
+1 10
+3 10
+1 10
+1 10
+6 10
+1 10
+1 10
+1 10
+1 10
+1 10
+7 2
+1 2
+2 2
+1 2
+2 2
+1 2
+1 2
+3 2
+1 2
+1 2
+6 2
+1 2
+1 2
+1 2
+1 2
+1 2
+7 1
+1 1
+1 1
+32 22
+1 22
+1 22
+1 22
+1 22
+2 22
+1 22
+1 22
+1 22
+1 22
+1 22
+1 22
+1 4
+4 4
+1 4
+1 4
+6 4
+1 4
+1 8
+4 4
+1 4
+3 4
+1 4
+1 4
+3 4
+1 4
+1 4
+6 4
+1 4
+1 4
+1 4
+1 4
+1 4
+7 1
+1 1
+2 1
+1 1
+2 1
+1 1
+1 1
+3 1
+1 1
+1 1
+6 1
+1 1
+1 1
+1 1
+1 1
+1 1
+41 20
+1 20
+1 20
+1 20
+1 20
+2 20
+1 20
+1 20
+1 20
+1 20
+1 20
+1 20
+2 10
+4 10
+1 10
+1 10
+6 10
+1 10
+2 20
+4 10
+1 10
+3 10
+1 10
+1 10
+3 10
+1 10
+1 10
+6 10
+1 10
+1 10
+1 10
+1 10
+1 10
+74 700
+2 700
+1 700
+1 700
+1 700
-3 205
+1 205
+1 205
+1 205
+1 464
+5 232
+6 232
+1 232
+8 232
+1 232
-16 2697
+6 2697
+1 2697
+8 2697
+1 2697

fl=(11) /build/glibc-eX1tMB/glibc-2.31/elf/../sysdeps/unix/sysv/linux/x86_64/brk.c
fn=(20) brk
28 1
+3 5
+2 2
+6 1
+1 1

fl=(16) /build/glibc-eX1tMB/glibc-2.31/elf/dl-environ.c
fn=(36) _dl_next_ld_env_entry
28 3
+1 3
+3 66
+13 56
-13 112
+2 116
+1 18
+5 2
-3 2
+3 2
+2 2
+7 1

fl=(21) /build/glibc-eX1tMB/glibc-2.31/elf/../sysdeps/x86/dl-prop.h
fn=(134) _dl_process_pt_note
153 150
+4 15
+2 60
53 24
+6 14
160 6
-98 6
+5 12
+89 7
-89 7
+89 14
-89 14
+70 28
-1 7
-69 21
+3 21
+1 14
+1 14
+4 21
+4 21
+3 21
+1 14
+4 7
+1 14
+11 7
+1 28
+5 14
-13 14
+1 7
+3 17
+66 6
+16 14
+3 15
+1 120
-19 45
+6 9
-6 3
+6 6
cfi=(54) /build/glibc-eX1tMB/glibc-2.31/io/../sysdeps/unix/sysv/linux/pread64_nocancel.c
cfn=(174) __pread64_nocancel
calls=3 29 
* 21
* 6
53 6
+6 2
+3 1
+5 2
+75 35
+1 7
+1 14
+1 14
-32 14
+3 14
+4 7

fl=(26) /build/glibc-eX1tMB/glibc-2.31/posix/../sysdeps/unix/syscall-template.S
fn=(70) uname
78 5
+1 1

fl=(38) /build/glibc-eX1tMB/glibc-2.31/elf/dl-misc.c
fn=(120) _dl_name_match_p
282 1572
+1 524
cfi=(22)
cfn=(58)
calls=262 111 
* 8485
* 262
+1 262
-1 524
+3 262
+2 524
+4 255
-4 510
+1 867
cfi=(22)
cfn=(58)
calls=289 111 
* 10181
* 578
-5 34
+11 364
-1 228
+1 684

fn=(162) _dl_sysdep_read_whole_file
44 2
+3 1
-3 6
+3 1
-3 1
+3 1
cfi=(39) /build/glibc-eX1tMB/glibc-2.31/io/../sysdeps/unix/sysv/linux/open64_nocancel.c
cfn=(124) __open_nocancel
calls=1 -13 
* 19
+1 2
+23 7
-21 5
cfi=(42)
cfn=(132)
calls=1 -17 
* 11
* 2
+2 2
+3 2
+13 2
cfi=(46) /build/glibc-eX1tMB/glibc-2.31/io/../sysdeps/unix/sysv/linux/close_nocancel.c
cfn=(144) __GI___close_nocancel
calls=1 -43 
* 6
* 1
-11 6
cfi=(43) /build/glibc-eX1tMB/glibc-2.31/misc/../sysdeps/unix/sysv/linux/mmap64.c
cfn=(136) mmap
calls=1 -9 
* 20
* 2

fn=(336) _dl_higher_prime_number
300 2
+38 2
-1 2
+3 2
+2 80
+1 37
-3 24
+18 2
+1 2
-15 6

fl=(30) /build/glibc-eX1tMB/glibc-2.31/string/../sysdeps/x86_64/multiarch/memset-vec-unaligned-erms.S
fn=(80) memset
108 24
+1 120
+6 24
+1 24
+1 15
+1 15
+2 7
+1 7
+2 7
+65 8
+1 8
+7 1
+3 8
+1 8
+1 8
+1 8
+1 8
+1 8
+1 8
+1 8
+1 8
+1 8
+1 8
+1 8
+1 8
+1 8
+2 168
+1 168
+1 168
+1 168
+1 168
+1 168
+1 168
+1 7
+15 9
+1 9
+1 9
+1 3
+1 3
+1 1
+1 1
+24 6
+1 6
+2 6
+3 2
+1 2
+2 2
+3 1
+1 1
+2 1

fl=(49) /build/glibc-eX1tMB/glibc-2.31/io/../sysdeps/unix/sysv/linux/wordsize-64/xstat.c
fn=(158) _xstat
33 32
+1 16
+1 32
+4 1
-4 28

fl=(1) ???
fn=(0) 0x0000000000001100
0 2
cfi=(2) /build/glibc-eX1tMB/glibc-2.31/elf/rtld.c
cfn=(2) _dl_start
calls=1 463 
0 2851460
0 14
cfi=(117) /build/glibc-eX1tMB/glibc-2.31/elf/dl-init.c
cfn=(348) _dl_init
calls=1 79 
0 113532

fl=(7) /build/glibc-eX1tMB/glibc-2.31/elf/../elf/dl-sysdep.c
fn=(340) _dl_sysdep_start_cleanup
258 1
+1 1

fn=(12) _dl_sysdep_start
89 9
+25 1
-1 1
+1 184
+6 1
-3 1
+1 1
-4 1
+3 1
+3 8
-29 1
-1 2
+30 20
+1 108
+61 1
+1 1
-1 1
+1 1
-63 75
+34 1
-34 2
+35 1
-35 2
+46 1
-46 1
+47 1
-1 1
-46 3
+40 1
-40 1
+41 1
-1 1
-40 3
+37 1
-37 2
+38 1
-38 3
+13 1
-13 2
+14 1
-14 2
+10 1
-10 2
+11 1
-11 2
+7 1
-7 4
+4 1
-4 4
223 1
cfi=(8) /build/glibc-eX1tMB/glibc-2.31/elf/dl-tunables.c
cfn=(14) __GI___tunables_init
calls=1 +64 
* 26459
fi=(10) /build/glibc-eX1tMB/glibc-2.31/elf/../sysdeps/unix/sysv/linux/dl-sysdep.c
36 2
cfi=(11)
cfn=(20)
calls=1 -8 
* 10
fi=(12) /build/glibc-eX1tMB/glibc-2.31/elf/../sysdeps/x86/cpu-features.c
322 1
-13 1
+13 1
-12 1
+1 1
+11 1
+3 6
476 3
+1 1
+3 2
+1 1
+6 1
+6 1
-5 1
+5 1
-3 1
+3 1
-4 1
+4 1
cfi=(8)
cfn=(26) __tunable_get_val
calls=1 368 
* 18
+2 4
cfi=(8)
cfn=(26)
calls=1 368 
* 20
* 1
+2 3
-2 1
+2 1
cfi=(8)
cfn=(26)
calls=1 368 
* 20
* 1
+2 3
-2 1
+2 1
cfi=(8)
cfn=(26)
calls=1 368 
* 20
* 1
+12 1
-1 1
-11 1
+12 1
+47 4
cfi=(8)
cfn=(26)
calls=1 368 
* 18
+2 4
cfi=(8)
cfn=(26)
calls=1 368 
* 18
fi=(13) /build/glibc-eX1tMB/glibc-2.31/elf/../sysdeps/unix/sysv/linux/x86/cpu-features.c
28 6
fe=(7)
234 3
+1 1
cfi=(14) /build/glibc-eX1tMB/glibc-2.31/string/../sysdeps/x86_64/multiarch/../strlen.S
cfn=(30) strlen
calls=1 41 
* 17
* 1
+2 2
cfi=(15) /build/glibc-eX1tMB/glibc-2.31/elf/../misc/sbrk.c
cfn=(32) sbrk
calls=1 32 
* 18
* 3
+12 3
+3 5
cfi=(2)
cfn=(34) dl_main
calls=1 1090 
* 2823010
+1 1
+1 8
fi=(12)
515 3
+28 2
-9 3
+2 4
+1 2
+2 4
+1 2
331 6
cfn=(24) get_common_indices.constprop.0
calls=1 71 
* 99
49 4
+1 2
+1 6
+5 2
+1 6
+5 2
+1 6
336 7
+89 4
-96 1
+96 2
-99 1
+12 10
+38 2
+14 1
+10 5
+14 2
+1 1
fe=(7)

fl=(33) /build/glibc-eX1tMB/glibc-2.31/elf/dl-debug.c
fn=(100) _dl_debug_state
73 2
+1 2

fn=(96) _dl_debug_initialize
46 10
+3 20
+5 18
+5 2
-1 1
+1 2
+1 2
-1 1
+5 1
-14 10
+4 20
+3 1
+1 11

fl=(8)
fn=(26)
368 20
+3 120
+9 20
-9 74
+9 6
+17 100
+2 20
-9 14
+1 14

fn=(14)
287 9
-9 5
67 179
+6 58
-3 58
+3 5269
+4 116
+5 116
fi=(9) /build/glibc-eX1tMB/glibc-2.31/elf/dl-tunables.h
+37 58
fe=(8)
-37 232
fi=(9)
+38 34
-1 119
+1 34
-1 58
+1 116
fe=(8)
328 232
-12 7540
fi=(9)
119 3132
+1 1098
-1 684
+1 1098
fe=(8)
310 6032
70 58
-3 116
362 8

fl=(19) /build/glibc-eX1tMB/glibc-2.31/elf/dl-minimal.c
fn=(42) calloc
92 46
+4 23
+4 23
-1 46
+1 46
+3 23
cob=(2) ???
cfi=(18) ???
cfn=(44) 0x00000000040010a0
calls=23 0 
* 706

fn=(84) strsep
262 2
+3 4
+2 2
+1 4
+4 33
+7 84
-2 56
+13 1
+4 4
-22 14
+15 14
-15 30

fn=(46) malloc
49 275
+1 220
+11 110
+3 55
-3 55
+3 318
+18 55
+1 55
+2 220
-16 12
+1 6
+2 3
+1 21
cfi=(43)
cfn=(136)
calls=3 -25 
* 60
* 3
+2 6
+2 6
+2 12
-23 1
-1 1
+1 1
+1 2
-2 2

fn=(94) free
109 11
+2 44

fl=(34) /build/glibc-eX1tMB/glibc-2.31/elf/../elf/dl-tls.c
fn=(338) _dl_allocate_tls_init
437 9
+1 2
+4 1
+6 1
-6 1
+6 2
+12 1
-15 1
-1 2
+21 5
+9 9
+1 6
+6 9
+3 3
-2 3
+6 3
-6 3
+2 6
+4 3
-4 9
+3 6
+4 6
+1 12
+2 6
+1 6
+12 3
-3 3
+3 6
cfi=(20) /build/glibc-eX1tMB/glibc-2.31/string/../sysdeps/x86_64/multiarch/memmove-vec-unaligned-erms.S
cfn=(78) mempcpy
calls=3 114 
* 41
* 15
cfi=(30)
cfn=(80)
calls=3 108 
* 74
* 3
-42 9
+6 12
+50 2
+3 9

fn=(192) _dl_determine_tlsoffset
135 4
+6 1
-6 2
+6 2
+3 2
+36 3
+2 1
-2 1
-2 1
-40 1
-1 1
-1 2
+69 6
+3 3
-3 3
+3 3
-3 12
+2 6
+4 3
+6 1
-12 1
-25 6
+37 2
-12 2
-25 12
+2 6
+3 3
-1 3
+5 6
-5 3
+1 3
-1 3
+3 6
+2 9
+12 6
+20 1
+52 2
-1 1
-51 1
+52 2
-52 1
+52 2

fn=(372) _dl_get_tls_static_info
308 1
+1 2
+1 2
+1 1

fn=(98) _dl_count_modids
108 1
+5 2
+1 1
+15 2

fn=(194) _dl_allocate_tls_storage
332 2
+13 1
-13 2
+2 1
+12 2
cob=(2)
cfi=(18)
cfn=(44)
calls=1 0 
* 66
+1 3
+8 2
-69 1
+69 2
+1 1
+4 297
+19 1
-94 2
+1 2
cob=(2)
cfi=(18)
cfn=(40) 0x00000000040010c0
calls=1 0 
* 38
+1 2
+3 1
+6 2
+89 5

fn=(172) _dl_next_tls_modid
48 3
+3 12
+48 3
+4 3

fn=(300) _dl_add_to_slotinfo
887 24
+6 3
+3 3
+1 3
+4 9
+41 6
+3 12
-1 3
+1 3
+2 18

fl=(20)
fn=(78)
114 52
+1 52
+1 52
+1 52
+17 52
+1 52
+1 11
+1 11
+5 5
+1 5
+1 5
+1 5
+5 5
280 41
+1 41
+1 16
+1 16
+1 11
+1 11
+1 9
+4 9
+22 25
+1 25
+1 25
+1 25
+1 25
+3 5
+1 5
+1 5
+1 5
+1 5
+3 2
+1 2
+1 2
+1 2
+1 2
+10 6
+1 6
+1 6
+1 6
+2 1
+1 1
+1 1
+1 1
+1 1
+1 1
+1 1
+1 1
+1 1
+1 1
+1 1
+1 1
+1 1
+1 1
+1 1
+1 1
+2 1
+3 5
+1 5
+1 5
+1 5
+1 5
+1 5
+1 5
+1 5
+2 5

fn=(48) memcpy
127 50
+1 50
+6 50
+1 50
+1 37
+1 37
+5 18
+1 18
+1 18
+1 18
+5 18
280 13
+1 13
+1 3
+1 3
+1 1
+1 1
+1 1
+1 1
+1 1
+2 1
+22 10
+1 10
+1 10
+1 10
+1 10
+3 2
+1 2
+1 2
+1 2
+1 2
+17 19
+1 19
+1 18
+1 18
+2 4
+1 4
+1 4
+1 4
+1 4
+1 4
+1 4
+1 4
+1 4
+1 4
+1 4
+1 4
+1 4
+1 4
+1 4
+1 4
+2 4
+3 14
+1 14
+1 14
+1 14
+1 14
+1 14
+1 14
+1 14
+2 14
+3 1
+1 1
+2 1
+3 1
+1 1
+1 1
+1 1
+1 1
+2 1
+1 1
+3 1
+1 1
+2 1
+2 1
+2 1
+2 1
+8 1
+1 1
+1 1
+1 1
+1 1
+1 1
+1 1
+1 1
+1 1
+1 1
+1 1
+1 1
+1 1
-12 2
+1 2
+1 2
+1 2
+1 2
+1 2
+1 2
+1 2
+1 2
+1 2
+1 2
+1 2
+1 2
+2 1
+1 1
+1 1
+1 1
+2 1
+2 1

fl=(53) /build/glibc-eX1tMB/glibc-2.31/misc/../sysdeps/unix/syscall-template.S
fn=(344) munmap
78 5
+1 1

fn=(170) mprotect
78 65
+1 13

fl=(121)
fn=(366)
67 7
+5 7
+3 7
+2 7
+10 7
+6 7
+1 7
+1 7
+1 7
+1 7
+1 7
+1 7
+4 7
+1 7
+3 7
+1 7
+2 7
+1 7
+1 7
+1 7
+1 7
+1 7
+2 7
+7 7
+1 7
+1 7
cfi=(122)
cfn=(368)
calls=7 -60 
* 5777
+1 7
+5 7
+1 7
+1 7
+2 7
+1 7
+1 7
+1 7
+1 7
+1 7
+1 7
+2 7
+2 7
+4 7
+3 7

fl=(37) /build/glibc-eX1tMB/glibc-2.31/setjmp/../sysdeps/x86_64/setjmp.S
fn=(114) __sigsetjmp
30 22
+2 22
+9 22
+1 44
+1 22
+4 22
+1 22
+1 22
+1 22
+1 22
+2 44
+2 22
+1 22
+1 22
+2 44
+2 22
+8 22
+3 22
+1 22
+7 22
+1 22

fl=(35) /build/glibc-eX1tMB/glibc-2.31/string/../sysdeps/x86_64/strcspn.S
fn=(104) strcspn
28 1
+2 1
+7 1
+1 1
+2 1
+1 1
+1 1
+1 1
+1 33
+3 3
+7 1
+1 1
+1 1
+1 1
+2 1
+1 1
+1 1
+1 1
+2 1
+1 1
+1 1
+9 3
+12 1
+2 1
+1 1
+1 1
-4 16
+2 16
+1 16
+1 16
+2 16
+1 16
+1 16
+2 16
+1 16
+1 16
+2 16
+1 16
+1 16
+6 1
+7 1
+4 1

fl=(12)
fn=(24)
71 2
+4 4
+3 3
+4 2
-4 1
+4 1
-4 1
+3 1
+1 1
+1 4
+1 4
+1 3
+1 2
+7 2
+1 3
+6 1
-6 4
+6 1
+1 7
+7 3
+4 2
+2 4
225 2
+4 3
+1 2
+3 1
-1 1
+4 1
+2 1
-2 1
+5 2
+50 3
118 2
+3 4
+3 2
+8 1
-5 3
+8 2
+2 2
+2 3
+4 2
+4 2
+7 3

fl=(58) /build/glibc-eX1tMB/glibc-2.31/elf/dl-version.c
fn=(186) _dl_check_all_versions
362 6
+4 5
-2 2
+4 60
cfn=(188) _dl_check_map_versions
calls=10 156 
* 28605
-2 10
+2 40
-2 20
+5 7

fn=(188)
156 80
+15 10
-15 20
+15 20
+2 10
+3 20
-3 10
+2 10
+1 10
-1 10
+3 20
+3 16
-16 8
-8 8
+28 8
-4 8
+4 48
+16 8
37 16
201 8
37 40
201 12
37 24
201 12
37 60
+1 124
-1 248
+2 432
cfi=(38)
cfn=(120)
calls=144 282 
* 13774
* 288
209 60
+5 20
-71 40
+71 40
-71 60
+79 20
-2 20
-2 40
+4 20
-4 120
+4 31
-2 31
-2 62
+4 31
-4 211
57 15
+8 15
-8 138
+8 138
+6 153
+16 51
+1 102
+2 51
+5 357
+14 896
+12 1191
+4 397
-30 794
225 204
+3 153
+5 31
-11 31
111 51
+3 204
cfi=(22)
cfn=(58)
calls=51 -3 
* 1881
* 224
237 80
+5 24
-44 12
+1 12
+11 8
+41 32
+3 28
+10 120
-7 480
+3 360
-3 28
+3 21
+8 18
+89 90
165 2
+86 2
-94 2
+94 3
+23 36
cob=(2)
cfi=(18)
cfn=(40)
calls=9 0 
* 342
-1 9
+1 9
+1 18
+13 9
-3 9
+3 18
+2 27
+3 32
+4 60
+7 51
+1 51
-1 102
+1 51
-1 51
+1 51
+1 51
-2 51
+2 102
+1 153
+3 153
+5 31
-15 31
+2 31
-2 31
+2 31
-2 31
+2 62
-2 20
+2 20
-2 20
+2 20
-2 20
+2 40
+16 60
+5 12
-28 12
+33 27
+3 28
+4 120
+6 120
+1 120
+1 120
-1 360
+1 120
-1 120
+1 120
+1 120
+3 360
+4 120
-14 254
+10 21

fl=(2)
fn=(116) map_doit
606 2
+2 1
-2 1
+2 1
+1 2
-1 2
+1 3
cfi=(27) /build/glibc-eX1tMB/glibc-2.31/elf/dl-load.c
cfn=(118) _dl_map_object
calls=1 1927 
* 2754
* 1
+2 2

fn=(190) init_tls
699 1
+2 1
+4 1
-4 1
+4 1
+11 1
-1 3
cob=(2)
cfi=(18)
cfn=(40)
calls=1 0 
* 38
-4 1
+15 1
-12 1
+6 1
-9 1
+11 1
+4 1
+2 3
-1 2
+3 30
+4 3
+2 3
-2 3
-5 9
-1 6
+10 2
+3 1
cfi=(34)
cfn=(192)
calls=1 135 
* 139
+7 1
cfi=(34)
cfn=(194)
calls=1 332 
* 433
* 1
+1 2
+6 1
+3 1
-3 1
+3 6
+6 1
-3 1
+3 2
-35 7
-1 15

fn=(2)
463 10
66 3
fi=(5)
-7 1
fe=(2)
+7 1
fi=(3) /build/glibc-eX1tMB/glibc-2.31/elf/get-dynamic-info.h
-18 1
fi=(5)
+11 2
fe=(2)
507 1
-3 1
fi=(3)
48 2
+15 1
+5 1
+3 1
+1 1
+1 1
-4 1
-2 1
-3 2
-1 20
+1 12
-16 4
+26 4
-26 8
+2 36
+23 13
-25 13
+26 13
-26 27
+26 1
-26 2
+33 2
+20 4
+1 4
+1 4
+1 4
+2 4
+5 4
+1 4
+1 4
+5 3
+5 2
+7 3
+1 3
+8 3
+3 3
+4 2
+1 2
fe=(2)
518 2
+7 1
66 1
430 1
66 3
430 1
cfi=(6)
cfn=(10) _dl_setup_hash
calls=1 961 
* 24
+1 1
+18 2
-18 1
+1 2
+1 2
+1 2
+9 1
+6 1
cfi=(7)
cfn=(12)
calls=1 89 
* 2850376
* 1
+2 2
+99 9
fi=(3)
65 5
+3 4
fe=(2)
523 25
fi=(4) /build/glibc-eX1tMB/glibc-2.31/elf/do-rel.h
84 1
-1 1
+28 3
+1 2
fi=(5)
541 2
fi=(4)
112 82
fi=(5)
541 82
+1 42
fi=(4)
111 42
fi=(5)
542 84
fi=(4)
111 84
+5 2
fi=(5)
421 1
fi=(4)
124 2
fi=(5)
333 18
fi=(4)
124 27
+12 9
+3 9
-3 9
fi=(5)
301 9
fi=(4)
139 9
-3 9
+1 18
fi=(5)
301 18
+8 90
+3 18
+21 45
fi=(3)
71 4
+1 3
+1 2
fi=(5)
353 18
+1 9
fe=(2)

fn=(52) rtld_lock_default_lock_recursive
801 131
+1 131
+1 131

fn=(184) version_check_doit
639 3
+2 4
cfi=(58)
cfn=(186)
calls=1 362 
* 28755
* 2
+4 2

fn=(54) rtld_lock_default_unlock_recursive
807 131
+1 131
+1 131

fn=(102) handle_preload_list
858 10
+5 5
-4 1
+10 2
-3 3
cfi=(35)
cfn=(104)
calls=1 28 
* 273
* 1
+1 3
+9 1
168 1
878 2
168 2
880 2
780 2
-10 1
+8 1
+2 2
-6 1
+6 1
-5 1
+1 1
+4 1
cob=(2)
cfi=(18)
cfn=(106) 0x00000000040010f0
calls=1 0 
* 2855
+1 3
+8 4
+74 2
+21 9
-15 4
cfi=(20)
cfn=(48)
calls=1 127 
* 27
+1 2

fn=(34)
1090 2
+12 1
-12 10
+12 1
+4 2
-16 1
+22 1
-22 1
+16 1
+6 1
-6 1
2533 1
+7 1
1106 1
2535 1
-2 1
+7 3
1106 1
2540 1
-4 1
+4 1
+2 4
cfi=(16)
cfn=(36)
calls=1 28 
* 47
* 4
cfi=(16)
cfn=(36)
calls=2 28 
* 336
* 9
+4 6
-2 2
+2 42
+1 19
-1 57
+9 12
2704 3
+32 3
1122 3
2631 3
+1 3
-56 2
+7 2
1330 7
cfi=(17) /build/glibc-eX1tMB/glibc-2.31/elf/dl-object.c
cfn=(38) _dl_new_object
calls=1 59 
* 231
* 1
+2 2
+1 1
+1 1
+5 2
-5 1
+1 2
+4 1
cfi=(17)
cfn=(50) _dl_add_to_namespace_list
calls=1 31 
* 35
+1 2
1099 1
1369 1
-5 1
-2 1
+4 1
+3 1
-5 1
+5 5
+56 1
1096 1
1425 1
-15 2
-22 1
+22 1
+15 3
-55 104
fi=(21)
142 3
+1 1
+1 2
+1 1
fe=(2)
1369 24
1478 7
+3 2
+2 2
+2 3
+13 3
+3 2
-2 1
+2 1
-2 2
cfi=(22)
cfn=(58)
calls=1 111 
* 25
* 2
+7 1
+3 1
-5 1
+3 1
+2 1
+1 2
+4 2
+2 2
fi=(3)
33 1
+9 2
+6 1
-2 1
+2 2
+15 1
+5 1
+4 1
-1 1
-2 1
-5 2
-1 24
+1 15
-16 5
+26 5
-26 10
+2 62
+23 26
-25 26
+26 26
-26 52
+33 3
+20 3
+1 4
+1 4
+1 4
+2 4
+5 4
+1 4
+1 4
+5 3
+5 2
+7 2
+1 3
+18 3
+5 2
+2 2
+2 2
+2 2
+3 3
+2 3
+1 2
+9 2
+5 2
+3 2
fe=(2)
1521 2
cfi=(6)
cfn=(10)
calls=1 961 
* 24
+3 2
fi=(23) /build/glibc-eX1tMB/glibc-2.31/elf/./setup-vdso.h
24 2
fi=(21)
+35 6
190 2
67 2
189 1
67 1
189 1
64 1
+3 1
-2 1
+2 3
+70 5
-1 1
-69 4
+3 4
+1 2
+1 2
+4 3
+4 3
+3 3
+1 2
+4 1
+1 3
+11 1
+1 4
+5 2
-12 2
-1 1
+1 2
+3 2
fe=(2)
1398 1
-9 1
+27 1
-27 1
+2 1
-3 1
+10 2
-19 2
-10 1
+10 1
-10 2
+56 8
-1 4
+1 4
-1 4
+2 8
+1 1
+3 2
+1 2
-1 6
+1 6
+1 4
+1 10
+1 1
-65 3
+5 2
-5 1
+5 1
-5 2
+1 14
+95 2
-96 1
+96 2
-96 3
fi=(24) /build/glibc-eX1tMB/glibc-2.31/elf/../sysdeps/unix/sysv/linux/dl-vdso.h
40 1
+1 2
fi=(25) /build/glibc-eX1tMB/glibc-2.31/elf/../sysdeps/unix/sysv/linux/dl-vdso-setup.h
+4 1
fe=(2)
1549 2
cfi=(10)
cfn=(68) _dl_discover_osversion
calls=1 46 
* 80
* 8
fi=(3)
65 5
fe=(2)
1461 1
-92 1
+92 1
-92 2
fi=(3)
68 4
+3 4
+1 4
fe=(2)
1554 2
cfi=(27)
cfn=(72) _dl_init_paths
calls=1 681 
* 1823
+3 3
cfi=(33)
cfn=(96)
calls=1 46 
* 18
+7 1
-7 1
+2 1
+5 1
+4 1
+3 1
-3 3
+1 2
+3 1
+5 1
-7 1
+7 1
+18 2
+1 2
+5 1
-3 2
+2 1
+1 2
+5 3
+1 5
-1 2
+15 3
+1 1
-2 1
+2 3
+18 1
cfi=(34)
cfn=(98)
calls=1 108 
* 6
* 1
+8 3
+3 2
+4 3
+5 2
+1 1
cfi=(33)
cfn=(100)
calls=1 73 
* 2
+1 1
+4 3
+16 3
+2 1
+2 2
+8 2
+15 3
cfi=(47) /build/glibc-eX1tMB/glibc-2.31/io/../sysdeps/unix/sysv/linux/access.c
cfn=(146) access
calls=1 25 
* 9
* 2
+76 4
66 1
1805 1
66 2
1805 1
66 1
1805 6
cfi=(48) /build/glibc-eX1tMB/glibc-2.31/elf/dl-deps.c
cfn=(148) _dl_map_object_deps
calls=1 159 
* 57796
73 1
1810 1
73 2
+9 2
1810 2
+1 5
-1 4
+1 18
-1 36
+4 3
+1 3
+1 1
+2 3
+1 4
-1 24
+1 36
+12 1
+1 1
-1 2
+1 2
+2 1
+2 3
+2 1
-4 1
+5 1
-1 2
+14 2
+1 2
+1 3
1609 2
+6 1
-6 2
+6 1
-37 6
fi=(3)
181 3
-20 2
fe=(2)
1567 4
1865 1
+1 1
-1 1
+2 4
-2 3
+2 1
cfi=(36) /build/glibc-eX1tMB/glibc-2.31/elf/dl-error-skeleton.c
cfn=(182) _dl_receive_error
calls=1 238 
* 28783
+10 1
+1 1
-1 1
+1 1
+3 2
817 1
fi=(135) /build/glibc-eX1tMB/glibc-2.31/elf/../sysdeps/unix/sysv/linux/dl-osinfo.h
64 2
fe=(2)
819 1
fi=(135)
77 1
fe=(2)
828 1
+7 1
-5 1
1886 3
2116 3
+60 1
+6 1
-10 1
+10 1
-6 1
+9 2
+8 1
fi=(21)
33 3
cfi=(59) /build/glibc-eX1tMB/glibc-2.31/elf/../sysdeps/x86/dl-cet.c
cfn=(196) _dl_cet_check
calls=1 343 
* 31
fe=(2)
2239 3
+3 1
66 2
2246 1
66 2
2247 34
+2 20
+5 20
+2 20
+6 10
+2 20
+1 72
cfi=(60) /build/glibc-eX1tMB/glibc-2.31/elf/dl-reloc.c
cfn=(200) _dl_relocate_object
calls=9 148 
* 2720808
+4 26
+1 9
cfi=(34)
cfn=(300)
calls=3 887 
* 84
* 3
+13 4
+2 1
+7 3
cfi=(34)
cfn=(338)
calls=1 437 
* 292
+3 2
-37 1
+1 1
-3 2
73 3
+1 1
2278 1
74 1
2278 1
1829 5
2304 3
+2 2
+24 1
cfi=(7)
cfn=(340)
calls=1 258 
* 2
+4 3
+21 3
cfi=(33)
cfn=(96)
calls=1 46 
* 9
+1 1
-1 1
+2 1
cfi=(33)
cfn=(100)
calls=1 73 
* 2
+1 1
+4 1
cfi=(50) /build/glibc-eX1tMB/glibc-2.31/elf/dl-cache.c
cfn=(342) _dl_unload_cache
calls=1 348 
* 17
+5 8
2583 4
+2 2
+1 1
+46 2
+2 2
+1 1
fi=(25)
30 5
+3 1
+3 1
+3 1
fi=(24)
+16 2
fe=(2)
+11 1
2319 1
+1 3
66 3
2320 2
cfi=(60)
cfn=(200)
calls=1 148 
* 6925
73 3
+9 3
fi=(21)
+31 2
+3 1
+4 1
fe=(2)
1879 1
cfn=(190)
calls=1 699 
* 727
* 2
66 1
1690 1
66 2
1690 1
66 1
1690 2
cfn=(102)
calls=1 858 
* 3223
* 1
73 3
+9 3
1789 17
+1 1
-1 1
+4 3
+1 1
+1 2
+1 2
-7 2

fl=(59)
fn=(198) dl_cet_check
97 7
+3 1
-1 1
+4 1
-4 1
+3 1
+4 2
+1 2
-1 2
+6 1
+5 2
326 8

fn=(196)
343 1
+1 1
cfn=(198)
calls=1 97 
* 29

fl=(28) /build/glibc-eX1tMB/glibc-2.31/elf/dl-hwcaps.c
fn=(74) _dl_important_hwcaps
42 6
+1 1
-1 5
+1 1
-1 1
+1 1
-1 1
+1 2
-1 1
+1 1
cfi=(8)
cfn=(26)
calls=1 368 
* 20
* 1
+2 1
+1 2
-1 1
+1 1
+9 1
-12 1
+12 4
+1 6
+1 1
-1 2
-1 12
+10 3
193 3
+2 1
+1 2
+1 4
+3 1
+1 1
-1 1
+4 2
+3 5
+4 7
+1 2
+2 2
+1 2
+1 2
-1 1
+1 1
-1 2
+9 2
+6 10
+1 2
-1 1
+1 2
cob=(2)
cfi=(18)
cfn=(44)
calls=1 0 
* 27
+1 4
-1 1
+1 1
+31 10
+3 4
+7 3
+10 9
-4 2
-3 1
+3 1
cfi=(20)
cfn=(78)
calls=1 114 
* 17
* 2
-3 1
+3 1
cfi=(20)
cfn=(78)
calls=1 114 
* 17
+3 2
-3 6
+3 4
+1 12
+1 5
cfi=(20)
cfn=(78)
calls=1 114 
* 15
* 2
-2 2
+5 6
cfi=(20)
cfn=(78)
calls=2 114 
* 30
* 4
+2 6
-7 3
+13 1
-1 1
+1 2
-1 2
+1 7
-1 7
+1 14
-1 18
+5 9
+4 4
-4 12
+4 44
+1 24
-1 24
+1 24
-1 24
-1 24
+4 9
+3 1
+2 2
-1 1
-1 1
+2 1
-2 1
+2 3
-1 1
+1 2
+2 6
+1 2
+3 2
-6 5
+13 7
+1 1
-1 2
+3 2
-3 3
+1 3
-1 6
+3 6
+3 3
+3 9
148 7
+1 1
-1 2
+37 3
+5 2
-5 1
+5 5
-4 10
fi=(29) /build/glibc-eX1tMB/glibc-2.31/elf/../sysdeps/x86/dl-hwcap.h
57 6
fe=(28)
188 1
+1 1
cfi=(14)
cfn=(30)
calls=1 41 
* 17
+1 5
-5 1
+4 1
+1 1
-5 5
-37 10
+37 2
316 1
+1 2
-6 6
-94 4
-2 3

fl=(43)
fn=(136)
48 40
+3 80
-3 160
+6 80
+5 240
+2 120
-7 24

fl=(40) /build/glibc-eX1tMB/glibc-2.31/io/../sysdeps/unix/sysv/linux/read_nocancel.c
fn=(126) __read_nocancel
25 8
+1 32
+1 8

fl=(117)
fn=(350) call_init.part.0
28 8
+8 1
-8 1
+11 1
-3 2
+3 3
+5 3
+5 2
+9 6
cob=(2)
cfi=(18)
cfn=(352) 0x0000000005629000
calls=1 -58 
* 4513
* 1
+4 2
+6 1
+2 2
-2 2
+3 5
+1 4
cob=(5) /usr/lib/x86_64-linux-gnu/libpthread-2.31.so
cfi=(129) ???
cfn=(400) 0x0000000000007bc0
calls=1 -72 
* 12
* 4
cob=(5)
cfi=(130) /build/glibc-eX1tMB/glibc-2.31/nptl/../sysdeps/unix/sysv/linux/x86/elision-conf.c
cfn=(406) elision_init
calls=1 +33 
* 142
-1 6
+3 6

fn=(348)
79 12
+1 1
+1 1
+3 3
+8 4
+1 4
+5 2
+4 2
+1 4
+1 4
cob=(2)
cfi=(18)
cfn=(408) 0x000000000010b460
calls=1 0 
* 108763
-74 3
cfn=(350)
calls=1 -2 
* 4727
+57 2

fl=(6)
fn=(10)
961 10
+3 30
+2 10
+2 20
+2 10
-1 10
+3 30
+1 10
+4 10
-3 10
+7 10
-7 10
+3 10
-1 10
+3 10
+2 10
-7 10
+7 10
+5 10

fn=(212) check_match
75 39507
+3 6078
+13 12124
-13 12124
+13 6062
+3 6500
cfi=(22)
cfn=(58)
calls=110 +17 
* 6394
* 220
+4 3030
+1 6060
+2 4222
+19 4222
+1 16888
+2 16
+1 16
+36 3026
+7 18156
-18 1838
+2 1838
+1 919
-1 1838
+1 2757
-1 1838
+4 8
+1 28
+2 12
+2 4
+7 24
-7 1
+7 54
-45 6309
cfi=(22)
cfn=(58)
calls=2103 -11 
* 65153
* 4206
-44 32
+82 16

fn=(210) do_lookup_x
368 24504
+1 3063
-1 18378
+48 3063
+35 9189
-65 3063
-11 3063
+41 3063
-30 6126
+65 6126
-51 35520
+4 11840
+4 11840
-3 11840
+3 23680
+1 35520
+3 11840
+1 23680
+7 23680
-3 23680
-2 11840
+5 35520
+3 82880
571 26442
379 23688
+3 23688
+4 23718
+4 23680
+4 23680
+88 6060
fi=(61) /build/glibc-eX1tMB/glibc-2.31/elf/../sysdeps/generic/ldsodefs.h
126 9090
fe=(6)
533 6060
+3 16372
+16 14540
+2 6060
427 9822
-1 6548
+2 6548
+2 3258
+6 9774
-6 3258
+6 29322
+7 12855
-10 36555
+3 3039
-1 6078
+1 6078
-1 3039
+2 6078
-1 36468
cfn=(212)
calls=3039 75 
* 231520
+4 9143
574 33
+1 24504
-35 5718
227 244
-1 122
+3 244
-2 122
+2 244
+2 122
-2 366
cfi=(2)
cfn=(52)
calls=122 801 
* 366
+2 122
+1 122
+1 244
-2 122
+2 122
+2 242
+1 121
-1 363
+1 121
-1 121
+1 242
-1 363
+1 242
-1 1232
+24 426
+3 132
+1 396
-24 1012
+1 80
cfi=(22)
cfn=(58)
calls=40 111 
* 2771
* 80
+2 200
+10 40
+1 160
+2 160
cfi=(2)
cfn=(54)
calls=40 807 
* 120
+1 40
474 468
+2 8
267 1215
+61 656
+19 574
+5 328
cfi=(2)
cfn=(54)
calls=82 807 
* 246
+2 328
181 518
-2 84
+1 252
-3 332
+8 164
-1 82
+1 82
+2 82
-2 82
336 328
-72 132
+46 2
+9 4
cob=(2)
cfi=(18)
cfn=(40)
calls=1 0 
* 38
* 1
+1 2
+3 1
+1 2
-6 1
+7 1
-1 1
+1 1
-7 1
+7 1418
-51 8
cfi=(38)
cfn=(336)
calls=2 +26 
* 159
+2 4
-2 2
+2 2
cob=(2)
cfi=(18)
cfn=(40)
calls=2 0 
* 76
* 2
+1 4
+7 296
+1 276
+1 140
175 70
286 140
175 70
286 70
175 70
+1 70
-1 70
+1 210
+1 440
+2 14
+1 42
-3 168
+8 70
-1 70
+1 70
+2 70
-2 70
+3 70
-7 10
290 18
cfi=(19)
cfn=(94)
calls=2 109 
* 10
+1 2
+2 2
-19 2
+20 4
-3 2
+2 2
+1 21202

fn=(208)
841 30630
582 3063
841 12252
582 9189
-1 6126
+2 3063
-1 3063
+1 9189
-1 9189
+1 104018
-1 104018
+1 312054
-1 315117
847 3063
-4 3063
+1 3063
+7 3063
-8 3063
+1 3063
+7 7285
+3 15315
+6 6126
-7 18378
+7 198
+1 39819
cfn=(210)
calls=3063 368 
* 1118451
* 12219
+5 6126
+24 24240
+40 12120
+14 9090
+3 12120
+5 3030
+2 27567
-86 198
+17 33
+1 66
+59 2

fl=(47)
fn=(146)
25 1
+2 7
+4 1

fl=(14)
fn=(30)
41 43
+38 43
+1 43
+1 43
+1 43
+1 43
+1 43
+1 43
+2 43
+2 43
+31 41
+1 41
+1 41
+1 41
+1 41
+1 19
+2 19
+4 22
+1 22
+1 22
+1 22
+1 22
+1 22
+1 22
+1 22
+1 22
+1 22
+1 22
+1 22
+5 170
+4 2
+1 28
+1 16
+68 3
+1 3
+1 3
+1 3
+1 3
+1 3
+1 3
+1 3
+16 3
+2 3
+1 42
+2 3
+1 3
+1 3
+2 3

fl=(60)
fn=(200)
148 110
+15 10
-15 20
+15 10
+1 50
+6 20
+6 50
-18 18
+22 18
+7 40
+40 10
fi=(5)
76 10
fe=(60)
227 20
fi=(5)
76 30
+6 16
+4 24
+14 8
-8 8
+8 16
+20 16
+11 32
fe=(60)
255 372
-96 8
fi=(5)
481 24
fe=(60)
159 16
+96 8
fi=(4)
48 8
fe=(60)
255 8
fi=(4)
47 8
+11 8
-11 16
+11 16
fe=(60)
255 2
-96 2
fi=(5)
481 6
fe=(60)
159 4
+96 2
fi=(4)
48 2
fe=(60)
255 2
fi=(4)
47 2
+11 2
-11 4
+11 4
fe=(60)
255 10
fi=(4)
48 10
fe=(60)
255 10
fi=(4)
47 10
+11 10
-11 20
+11 20
-7 8
-1 16
+11 16
fi=(5)
552 2656
+4 2656
+3 3984
+1 1328
fi=(4)
61 4146
+2 5536
+2 170
-4 6
+13 16
+1 14
+1 112
fi=(5)
552 56
+25 112
+2 56
cob=(4) /usr/lib/x86_64-linux-gnu/libm-2.31.so
cfi=(105) /build/glibc-eX1tMB/glibc-2.31/math/../sysdeps/x86_64/fpu/multiarch/s_sin.c
cfn=(334) sin
calls=1 27 
* 9
cob=(4)
cfi=(116) /build/glibc-eX1tMB/glibc-2.31/math/../sysdeps/x86_64/fpu/multiarch/e_atan2.c
cfn=(332) __atan2_finite@GLIBC_2.15
calls=1 26 
* 9
cob=(4)
cfi=(115) /build/glibc-eX1tMB/glibc-2.31/math/../sysdeps/x86_64/fpu/multiarch/e_exp2f.c
cfn=(330) exp2f@@GLIBC_2.27
calls=1 27 
* 9
cob=(4)
cfi=(112) /build/glibc-eX1tMB/glibc-2.31/math/../sysdeps/x86_64/fpu/multiarch/e_asin.c
cfn=(328) __asin_finite@GLIBC_2.15
calls=1 27 
* 9
cob=(4)
cfi=(114) /build/glibc-eX1tMB/glibc-2.31/math/../sysdeps/x86_64/fpu/multiarch/s_sinf.c
cfn=(326) sinf
calls=1 26 
* 9
cob=(4)
cfi=(112)
cfn=(322) __acos_finite@GLIBC_2.15
calls=1 35 
* 9
cob=(4)
cfi=(111) /build/glibc-eX1tMB/glibc-2.31/math/../sysdeps/x86_64/fpu/multiarch/e_log.c
cfn=(320) __log_finite@GLIBC_2.15
calls=1 27 
* 9
cob=(4)
cfi=(110) /build/glibc-eX1tMB/glibc-2.31/math/../sysdeps/x86_64/fpu/multiarch/e_log2f.c
cfn=(318) log2f@@GLIBC_2.27
calls=1 27 
* 9
cob=(4)
cfi=(109) /build/glibc-eX1tMB/glibc-2.31/math/../sysdeps/x86_64/fpu/multiarch/e_pow.c
cfn=(316) __pow_finite@GLIBC_2.15
calls=1 27 
* 9
cob=(4)
cfi=(108) /build/glibc-eX1tMB/glibc-2.31/math/../sysdeps/x86_64/fpu/multiarch/e_powf.c
cfn=(314) powf@@GLIBC_2.27
calls=1 30 
* 9
cob=(4)
cfi=(107) /build/glibc-eX1tMB/glibc-2.31/math/../sysdeps/x86_64/fpu/multiarch/s_sincosf.c
cfn=(312) sincosf
calls=1 26 
* 9
cob=(4)
cfi=(106) /build/glibc-eX1tMB/glibc-2.31/math/../sysdeps/x86_64/fpu/multiarch/e_logf.c
cfn=(310) logf@@GLIBC_2.27
calls=1 27 
* 9
cob=(4)
cfi=(105)
cfn=(308) cos
calls=1 34 
* 9
cob=(4)
cfi=(104) /build/glibc-eX1tMB/glibc-2.31/math/../sysdeps/x86_64/fpu/multiarch/e_expf.c
cfn=(306) expf@@GLIBC_2.27
calls=1 27 
* 9
cob=(4)
cfi=(103) /build/glibc-eX1tMB/glibc-2.31/math/../sysdeps/x86_64/fpu/multiarch/e_exp.c
cfn=(304) __exp_finite@GLIBC_2.15
calls=1 27 
* 9
cob=(4)
cfi=(102) /build/glibc-eX1tMB/glibc-2.31/math/../sysdeps/x86_64/fpu/multiarch/s_cosf.c
cfn=(302) cosf
calls=1 26 
* 9
cob=(3) /usr/lib/x86_64-linux-gnu/libc-2.31.so
cfi=(101) /build/glibc-eX1tMB/glibc-2.31/string/../sysdeps/x86_64/multiarch/strncase_l.c
cfn=(298) strncasecmp_l
calls=1 31 
* 6
cob=(3)
cfi=(100) /build/glibc-eX1tMB/glibc-2.31/string/../sysdeps/x86_64/multiarch/strchrnul.c
cfn=(296) strchrnul
calls=1 31 
* 10
cob=(3)
cfi=(98) /build/glibc-eX1tMB/glibc-2.31/wcsmbs/../sysdeps/x86_64/multiarch/wmemcmp.c
cfn=(292) wmemcmp
calls=1 29 
* 13
cob=(3)
cfi=(97) /build/glibc-eX1tMB/glibc-2.31/string/../sysdeps/x86_64/multiarch/stpcpy.c
cfn=(290) stpcpy
calls=1 33 
* 9
cob=(3)
cfi=(96) /build/glibc-eX1tMB/glibc-2.31/string/../sysdeps/x86_64/multiarch/stpncpy.c
cfn=(288) stpncpy
calls=1 31 
* 9
cob=(3)
cfi=(95) /build/glibc-eX1tMB/glibc-2.31/string/../sysdeps/x86_64/multiarch/strspn.c
cfn=(286) strspn
calls=1 29 
* 7
cob=(3)
cfi=(94) /build/glibc-eX1tMB/glibc-2.31/wcsmbs/../sysdeps/x86_64/multiarch/wcslen.c
cfn=(284) wcslen
calls=1 29 
* 10
cob=(3)
cfi=(93) /build/glibc-eX1tMB/glibc-2.31/string/../sysdeps/x86_64/multiarch/memchr.c
cfn=(282) memchr
calls=1 29 
* 10
cob=(3)
cfi=(92) /build/glibc-eX1tMB/glibc-2.31/string/../sysdeps/x86_64/multiarch/strcasecmp_l.c
cfn=(280) strcasecmp_l
calls=1 31 
* 6
cob=(3)
cfi=(91) /build/glibc-eX1tMB/glibc-2.31/string/../sysdeps/x86_64/multiarch/memrchr.c
cfn=(278) memrchr
calls=1 29 
* 10
cob=(3)
cfi=(90) /build/glibc-eX1tMB/glibc-2.31/string/../sysdeps/x86_64/multiarch/strlen.c
cfn=(276) strlen
calls=1 29 
* 10
cob=(3)
cfi=(89) /build/glibc-eX1tMB/glibc-2.31/string/../sysdeps/x86_64/multiarch/strchr.c
cfn=(274) index
calls=1 49 
* 9
cob=(3)
cfi=(88) /build/glibc-eX1tMB/glibc-2.31/string/../sysdeps/x86_64/multiarch/strpbrk.c
cfn=(272) strpbrk
calls=1 29 
* 7
cob=(3)
cfi=(87) /build/glibc-eX1tMB/glibc-2.31/wcsmbs/../sysdeps/x86_64/multiarch/wcscpy.c
cfn=(270) wcscpy
calls=1 43 
* 7
cob=(3)
cfi=(85) /build/glibc-eX1tMB/glibc-2.31/wcsmbs/../sysdeps/x86_64/multiarch/wmemset.c
cfn=(266) wmemset
calls=2 31 
* 34
cob=(3)
cfi=(84) /build/glibc-eX1tMB/glibc-2.31/wcsmbs/../sysdeps/x86_64/multiarch/wcsnlen.c
cfn=(264) wcsnlen
calls=1 49 
* 9
cob=(3)
cfi=(83) /build/glibc-eX1tMB/glibc-2.31/string/../sysdeps/x86_64/multiarch/memcpy.c
cfn=(260) memcpy@@GLIBC_2.14
calls=1 29 
* 17
cob=(3)
cfi=(82) /build/glibc-eX1tMB/glibc-2.31/string/../sysdeps/x86_64/multiarch/strcpy.c
cfn=(258) strcpy
calls=1 29 
* 9
cob=(3)
cfi=(81) /build/glibc-eX1tMB/glibc-2.31/string/../sysdeps/x86_64/multiarch/strncase.c
cfn=(256) strncasecmp
calls=1 31 
* 6
cob=(3)
cfi=(80) /build/glibc-eX1tMB/glibc-2.31/string/../sysdeps/x86_64/multiarch/strcspn.c
cfn=(254) strcspn
calls=1 29 
* 7
cob=(3)
cfi=(79) /build/glibc-eX1tMB/glibc-2.31/string/../sysdeps/x86_64/multiarch/strnlen.c
cfn=(252) strnlen
calls=2 31 
* 20
cob=(3)
cfi=(78) /build/glibc-eX1tMB/glibc-2.31/wcsmbs/../sysdeps/x86_64/multiarch/wcschr.c
cfn=(250) wcschr
calls=2 31 
* 20
cob=(3)
cfi=(76) /build/glibc-eX1tMB/glibc-2.31/string/../sysdeps/x86_64/multiarch/memset.c
cfn=(246) memset
calls=1 29 
* 19
cob=(3)
cfi=(75) /build/glibc-eX1tMB/glibc-2.31/string/../sysdeps/x86_64/multiarch/strcmp.c
cfn=(244) strcmp
calls=1 53 
* 9
cob=(3)
cfi=(74) /build/glibc-eX1tMB/glibc-2.31/string/../sysdeps/x86_64/multiarch/strncmp.c
cfn=(242) strncmp
calls=1 54 
* 9
cob=(3)
cfi=(72) /build/glibc-eX1tMB/glibc-2.31/string/../sysdeps/x86_64/multiarch/memcmp.c
cfn=(238) bcmp
calls=1 29 
* 13
cob=(3)
cfi=(71) /build/glibc-eX1tMB/glibc-2.31/string/../sysdeps/x86_64/multiarch/mempcpy.c
cfn=(234) mempcpy
calls=1 33 
* 17
cob=(3)
cfi=(70) /build/glibc-eX1tMB/glibc-2.31/wcsmbs/../sysdeps/x86_64/multiarch/wcscmp.c
cfn=(232) wcscmp
calls=1 30 
* 10
cob=(3)
cfi=(69) /build/glibc-eX1tMB/glibc-2.31/wcsmbs/../sysdeps/x86_64/multiarch/wmemchr.c
cfn=(230) wmemchr
calls=2 31 
* 20
cob=(3)
cfi=(68) /build/glibc-eX1tMB/glibc-2.31/string/../sysdeps/x86_64/multiarch/rawmemchr.c
cfn=(228) rawmemchr
calls=1 31 
* 10
cob=(3)
cfi=(67) /build/glibc-eX1tMB/glibc-2.31/string/../sysdeps/x86_64/multiarch/strrchr.c
cfn=(226) rindex
calls=1 28 
* 10
cob=(3)
cfi=(66) /build/glibc-eX1tMB/glibc-2.31/string/../sysdeps/x86_64/multiarch/strcat.c
cfn=(224) strcat
calls=1 29 
* 9
cob=(3)
cfi=(65) /build/glibc-eX1tMB/glibc-2.31/string/../sysdeps/x86_64/multiarch/strcasecmp.c
cfn=(222) strcasecmp
calls=1 31 
* 6
cob=(3)
cfi=(64) /build/glibc-eX1tMB/glibc-2.31/string/../sysdeps/x86_64/multiarch/strncpy.c
cfn=(220) strncpy
calls=1 29 
* 9
cob=(3)
cfi=(62) /build/glibc-eX1tMB/glibc-2.31/string/../sysdeps/x86_64/multiarch/memmove.c
cfn=(216) memmove
calls=2 29 
* 34
-27 56
+28 56
fi=(4)
75 170
fe=(60)
255 80
+3 40
+24 10
+3 20
+17 30
+2 80
177 20
+3 3
fi=(4)
-96 12
-1 12
+3 12
-3 12
+3 12
+12 12
-12 12
+12 24
+10 20
+10 9
+3 22
+3 22
-73 9
-1 9
fi=(5)
491 27
fi=(4)
127 17412
+9 8706
+1 4353
-1 8706
+1 4353
+2 4353
-2 4353
+2 8706
-1 8706
fi=(5)
276 8706
+21 8706
+4 8706
+7 17412
fi=(61)
126 12996
fi=(5)
308 67335
fi=(4)
138 3047
fi=(5)
308 3047
fi=(4)
138 3047
fi=(5)
308 3047
fi=(4)
138 3047
fi=(5)
308 6094
fi=(4)
138 4
fi=(5)
308 4
fi=(4)
138 4
fi=(5)
308 4
fi=(4)
138 4
fi=(5)
308 36620
cfi=(6)
cfn=(208)
calls=3051 841 
* 2242835
* 18306
+1 12996
+24 26118
457 12960
+1 4320
fi=(4)
124 13059
+19 45
fi=(5)
367 8
+1 16
+61 69
+4 92
+5 23
+9 23
-9 46
+9 46
-72 6
+11 2
-9 4
+9 4
497 12
+4 24
cfi=(20)
cfn=(48)
calls=4 127 
* 104
+2 12
+1 4
fi=(4)
111 29
+1 9
fi=(5)
536 9
fi=(4)
112 9
fi=(5)
536 18
fi=(4)
112 2546
fi=(5)
536 2546
fi=(4)
112 2546
fi=(5)
536 5092
+5 5110
+1 2555
fi=(4)
111 2555
fi=(5)
542 5110
fi=(4)
111 5110
+7 27
-67 1
160 5
+2 20
+9 15
-1 30
fi=(5)
276 10
+21 10
+4 10
+7 20
fi=(61)
126 15
fi=(5)
308 165
cfi=(6)
cfn=(208)
calls=5 841 
* 3680
* 35
+1 15
+24 72
-24 4386
+3 4323
-3 4323
+3 8646
-4 164
+1 17208
fe=(60)
+1 50
+3 10
-3 10
+3 10
+4 20
+1 40
cfi=(53)
cfn=(170)
calls=10 78 
* 60
* 20
fi=(5)
124 32
-2 16
fe=(60)
255 6
fi=(5)
+53 12195
457 15
+1 5
fi=(4)
160 16
+14 3
fi=(5)
309 2
+3 2
-3 2
+3 4
-3 8
-1 32778
fe=(60)

fl=(27)
fn=(118)
1927 220
+8 44
+1 88
+3 488
+5 826
+2 354
cfi=(38)
cfn=(120)
calls=118 282 
* 12342
* 236
+4 208
+1 312
+3 66
+1 66
+1 66
-1 66
+1 66
cfi=(22)
cfn=(58)
calls=66 111 
* 2560
* 132
2238 198
1972 48
-43 8
+53 24
+36 16
-2 8
+2 8
cfi=(31) /build/glibc-eX1tMB/glibc-2.31/string/../sysdeps/x86_64/multiarch/../strchr.S
cfn=(88) index
calls=8 23 
* 192
* 16
2169 2
-1 3
cfn=(86) expand_dynamic_string_token
calls=1 378 
* 246
+2 1
-3 1
+1 1
+2 2
+4 4
cfn=(122) open_verify.constprop.1
calls=1 1466 
* 285
* 1
+3 2
+12 4
+46 1
+1 3
-1 1
+1 9
cfn=(128) _dl_map_object_from_fd
calls=1 866 
* 1851
-1 7
+1 21
-1 7
+1 63
cfn=(128)
calls=7 866 
* 14418
* 24
2022 14
cfi=(14)
cfn=(30)
calls=7 41 
* 119
* 14
+2 14
+7 28
+36 84
cfn=(154) open_path
calls=7 1779 
* 2984
+6 7
-6 7
+6 28
659 7
2074 7
659 14
+3 2
2161 14
+28 28
+2 28
2035 35
+8 28
-3 30
659 10
2041 10
659 20
+3 2
+3 3
+3 1
+1 1
2082 7
+14 14
+2 21
+4 14
cfi=(50)
cfn=(160) _dl_load_cache_lookup
calls=7 187 
* 10528
* 7
+2 14
+4 14
+8 21
+23 42
cfn=(156) open_verify.constprop.0
calls=7 1466 
* 2093
+4 14
-4 7
+4 7
+1 14
-89 28
+1 56
659 7
2057 7
659 14
2066 14
+1 14
665 3
+3 1
+1 1

fn=(150) _dl_dst_count
231 42
+3 21
-3 42
+7 21
-7 42
+3 21
cfi=(31)
cfn=(88)
calls=21 23 
* 624
+3 42
+20 147

fn=(154)
1779 56
+1 7
-1 42
+1 7
+6 14
+5 119
-7 7
1443 14
1791 7
-8 7
+8 14
+3 14
+9 42
+7 21
+1 7
-1 7
cfi=(20)
cfn=(78)
calls=7 114 
* 91
-12 7
+12 7
+55 14
-22 56
-32 63
+3 56
-3 56
+3 56
+4 98
cfi=(20)
cfn=(78)
calls=14 114 
* 193
* 56
cfi=(20)
cfn=(78)
calls=14 114 
* 182
+3 28
+3 42
+3 84
cfn=(156)
calls=14 1466 
* 742
* 14
+2 42
+2 16
+62 7
+27 63
1811 126
+85 56
+7 14
-2 14
+2 14
+3 21
-51 24
+2 12
-46 28
+25 16
+1 56
+6 16
+2 24
-2 16
+2 8
cfi=(49)
cfn=(158)
calls=8 33 
* 109
* 8
+3 8
-3 16
+1 1
+2 1
-2 1
+2 23
-57 14

fn=(156)
1466 231
+39 63
+31 84
cfi=(39)
cfn=(124)
calls=21 34 
* 441
* 21
+2 42
+11 14
+6 7
-6 7
+1 14
+5 35
cfi=(40)
cfn=(126)
calls=7 25 
* 42
+2 14
+2 21
+2 14
+6 14
+16 63
-65 14
1765 189
1583 49
+74 14
+5 14
+2 28
+6 14
+6 7
+1 7
-1 21
+1 7
-1 7
+1 14
+1 12
+20 28
1543 14
1698 366
+1 169
+1 52
+4 52
+6 6
+1 48
+10 21
cfi=(54)
cfn=(174)
calls=3 29 
* 21
* 28
+8 102
+15 8
+6 12
-3 4
+1 4
+3 4
-3 8
+1 4
-1 4
-1 4
+4 8
1583 9
1761 14
cob=(2)
cfi=(18)
cfn=(92) 0x0000000004001080
calls=7 0 
* 49
* 7
-29 117
+3 13
-4 13
+4 26
+5 4
+1 26
-60 15
+1 2
-1 1
+1 3
cfi=(54)
cfn=(174)
calls=1 29 
* 7
* 8
+23 30

fn=(86)
378 14
234 2
378 2
234 2
378 2
234 2
cfi=(31)
cfn=(88)
calls=2 23 
* 114
+3 4
403 2
-11 2
+11 12
-11 2
cfi=(32) /build/glibc-eX1tMB/glibc-2.31/string/strdup.c
cfn=(90) strdup
calls=2 40 
* 206

fn=(82) fillin_rpath
447 7
+2 1
-2 9
+4 3
cfi=(19)
cfn=(84)
calls=1 262 
* 240
* 3
cfi=(19)
cfn=(84)
calls=1 262 
* 8
* 6
+7 2
+2 3
cfn=(86)
calls=1 -82 
* 120
* 1
+4 2
+5 2
cfi=(14)
cfn=(30)
calls=1 41 
* 17
* 1
+1 2
+7 5
+9 17
+1 8
+57 2
cob=(2)
cfi=(18)
cfn=(92)
calls=1 0 
* 7
* 1
-39 2
+4 8
cob=(2)
cfi=(18)
cfn=(44)
calls=1 0 
* 27
+2 3
+5 1
+1 2
-2 2
+2 1
cfi=(20)
cfn=(78)
calls=1 114 
* 13
+1 1
+2 1
-3 1
+1 1
+2 1
+6 4
+1 10
+1 4
-1 2
+1 4
-1 6
+3 1
+1 1
-1 1
+1 1
+8 1
-1 1
+4 3
-60 4
+23 2
+43 1
+3 9
-15 2

fn=(128)
866 80
+10 8
-10 8
+10 8
-10 24
+10 8
cfi=(33)
cfn=(96)
calls=8 46 
* 72
* 8
+7 32
+61 32
+10 16
+7 32
+33 16
877 8
997 56
cfi=(17)
cfn=(38)
calls=8 59 
* 2948
* 8
+1 16
+11 16
+5 8
-5 8
+1 8
+5 8
-5 8
+1 8
+2 8
-2 8
+2 16
+1 24
+20 16
-2 8
+2 136
+8 8
-8 8
+8 8
-8 8
+8 24
+90 8
-96 8
+96 8
-97 8
-5 16
1132 16
-89 713
fi=(41) /build/glibc-eX1tMB/glibc-2.31/elf/../sysdeps/posix/dl-fileid.h
37 32
cfi=(42)
cfn=(132)
calls=8 -4 
* 88
* 16
fe=(27)
901 16
fi=(41)
40 16
+1 8
fe=(27)
901 8
fi=(41)
40 8
fe=(27)
901 164
+1 88
fi=(41)
49 144
fe=(27)
1417 72
1018 9
-98 16
1066 160
+5 224
+8 32
+1 32
+1 32
-2 32
+1 64
+1 96
-1 32
+1 32
-1 64
+1 128
+3 32
-3 32
+1 64
+2 32
+4 64
+1 144
+5 48
-1 24
+1 24
-1 24
-14 24
+15 120
-52 144
+52 16
-1 8
+1 8
-1 8
-14 8
+15 40
-52 414
1157 16
1010 16
1170 16
+10 32
fi=(44) /build/glibc-eX1tMB/glibc-2.31/elf/./dl-map-segments.h
56 8
fe=(27)
1180 16
fi=(44)
56 16
fe=(27)
1180 24
fi=(44)
56 16
-6 8
+6 8
-6 8
+6 8
cfi=(43)
cfn=(136)
calls=8 -8 
* 160
* 8
+4 16
+3 16
+1 8
+2 8
-3 8
+1 8
+2 8
+7 30
cfi=(53)
cfn=(170)
calls=3 +5 
* 18
* 6
+7 8
+2 8
fi=(45) /build/glibc-eX1tMB/glibc-2.31/elf/./dl-load.h
+8 64
+1 24
+2 64
fi=(44)
+11 128
+6 8
+2 8
-2 8
+1 8
+2 16
-1 16
+3 16
+5 16
+3 16
+8 56
cfi=(30)
cfn=(80)
calls=8 -23 
* 1359
+1 16
+5 16
+12 32
-59 160
+2 120
+2 192
cfi=(43)
cfn=(136)
calls=24 -46 
* 432
* 48
fe=(27)
1107 9
+4 3
+1 6
+1 3
+3 15
+1 3
+3 3
-3 3
+8 12
-65 4
+1 2
+88 75
cfi=(21)
cfn=(134)
calls=15 153 
* 980
* 60
1049 16
+5 16
+1 32
-37 5
+1 2
-1 1
+1 2
cfi=(54)
cfn=(174)
calls=1 29 
* 7
* 2
+24 108
1144 32
+2 8
-6 16
+1 8
+51 32
+9 24
fi=(3)
42 8
+6 8
-2 8
+2 16
+15 8
+5 8
+3 8
-2 8
-2 8
-3 16
-1 204
+1 129
-16 43
+26 43
-26 259
+26 173
-26 346
+2 432
+23 346
-8 40
+3 32
+3 32
+1 32
+9 16
+20 28
+1 32
+1 32
+1 32
+2 32
+5 32
+1 31
+1 32
+5 24
+5 16
+7 16
+1 24
+18 24
+5 8
+2 8
+2 8
+2 8
+3 24
+2 6
+1 4
+9 4
+5 4
+3 16
fe=(27)
1208 16
+2 16
+19 24
+19 16
+2 40
+48 24
+1 6
+3 6
cfi=(46)
cfn=(144)
calls=3 25 
* 18
* 10
cfi=(46)
cfn=(144)
calls=5 25 
* 30
* 16
+9 16
+2 32
+2 16
+16 16
cfi=(6)
cfn=(10)
calls=8 961 
* 192
+4 16
+1 16
+17 16
+4 8
+5 8
-5 8
+5 8
+10 16
+9 16
+1 12
+5 3
cfi=(34)
cfn=(172)
calls=3 48 
* 21
* 3
+7 9
cfi=(17)
cfn=(50)
calls=3 31 
* 160
* 15
cfi=(17)
cfn=(50)
calls=5 31 
* 304
+4 24
fi=(45)
94 30
+2 6
-1 12
+1 6
-1 6
+1 6
-1 6
+1 6
-1 12
+3 24
fe=(27)
1354 4
fi=(44)
141 32
cfi=(43)
cfn=(136)
calls=4 -93 
* 72
+3 8
fe=(27)
1018 2
fi=(3)
167 2
fi=(41)
49 12
fe=(27)

fn=(72)
681 2
+13 2
-13 8
+13 3
cfi=(28)
cfn=(74)
calls=1 42 
* 747
+5 1
-5 1
+5 1
cob=(2)
cfi=(18)
cfn=(44)
calls=1 0 
* 27
-1 1
+2 2
+7 2
+1 4
-1 3
+4 4
cob=(2)
cfi=(18)
cfn=(44)
calls=1 0 
* 27
* 2
+2 2
+7 1
+10 1
-2 2
+2 1
+3 2
+9 1
-7 1
+7 2
-3 1
-20 1
+12 1
+3 1
+8 1
-3 17
cfi=(30)
cfn=(80)
calls=4 108 
* 52
+3 18
-14 9
+14 3
-12 6
+4 3
+4 3
-7 3
+3 3
+1 3
-2 3
+5 3
+1 3
-4 3
+4 3
+14 1
-11 1
+6 1
+1 1
+5 2
+2 4
+2 3
+38 5
-19 1
-2 1
+2 2
+21 2
cfi=(14)
cfn=(30)
calls=1 41 
* 17
* 10
-7 2
+7 9
cfi=(20)
cfn=(48)
calls=1 127 
* 11
* 1
+5 4
-1 2
+2 56
-1 57
+5 1
cob=(2)
cfi=(18)
cfn=(44)
calls=1 0 
* 27
-1 1
+1 1
+1 2
+6 6
cfn=(82)
calls=1 447 
* 588
+3 3
+6 1
+4 8
-30 2

fn=(122)
1466 1
+70 1
-70 4
+70 1
-70 6
+70 1
cfi=(39)
cfn=(124)
calls=1 34 
* 19
* 1
+2 2
+11 2
+6 1
-6 1
+1 2
+5 5
cfi=(40)
cfn=(126)
calls=1 25 
* 6
+2 2
+2 3
+2 2
+6 2
+16 9
1761 2
cob=(2)
cfi=(18)
cfn=(92)
calls=1 0 
* 7
+4 9
1583 7
+74 2
+5 2
+2 4
+6 2
+6 1
+1 1
-1 3
+1 1
-1 1
+1 2
+1 2
+20 4
1543 2
1698 66
+1 28
+1 8
+4 8
+17 4
+8 12
+3 18
+3 2
-4 2
+4 4
+6 4
-36 6

fl=(15)
fn=(32)
32 5
+8 6
+4 2
+16 5

fl=(31)
fn=(88)
23 31
+1 31
+1 31
+1 31
+1 31
+1 31
+1 31
+1 31
+1 31
+1 31
+1 31
+1 31
+1 31
+1 31
+1 31
+1 31
+1 31
+1 31
+1 25
+4 25
+1 25
+1 25
+1 25
+2 25
+4 6
+1 6
+1 6
+1 6
+1 6
+1 6
+1 6
+1 6
+1 6
+1 6
+1 6
+1 6
+1 6
+1 6
+1 6
+1 6
+1 6
+1 6
+1 6
+1 6
+1 6
+1 6
+1 6
+1 8
+5 1
+1 1
+3 1
+1 1
+1 1
+1 1
+1 1
+1 1
+1 1
+1 1
+1 1
+1 1
+1 1
+1 1
+1 1
+1 1
+1 1
+1 1
+1 1
+1 1
+2 1
+1 1
+2 1
+1 1
+1 1
+1 1
+1 1
+1 1
+1 1
+1 1
+2 1
+1 1
+1 1
+1 1
+1 1
+1 1
+1 1
+1 1
+1 1
+1 1
+3 1
+4 1
+1 1
+1 1
+1 1
+2 1
-9 5
+4 5
+1 5
+1 5
+1 5
+2 5

fl=(54)
fn=(174)
29 16
+1 32
+1 8

fl=(48)
fn=(152) openaux
61 63
+7 21
-4 42
+1 21
-1 168
cfi=(27)
cfn=(118)
calls=21 1927 
* 49362
* 21
+5 42

fn=(148)
159 2
+1 3
-1 2
+1 1
-1 1
+1 1
-1 5
+1 3
-1 1
+1 1
-1 1
+1 7
-15 1
+15 2
-8 1
-6 1
-1 1
+15 1
-16 1
+8 3
-6 1
+6 1
+24 3
-28 3
-2 1
+31 1
-33 2
+2 5
-1 4
+7 4
+24 7
+4 1
fi=(56) /build/glibc-eX1tMB/glibc-2.31/elf/../include/scratch_buffer.h
77 3
fe=(48)
198 1
fi=(56)
78 1
fe=(48)
200 2
+87 1
-89 1
+4 1
+7 1
+4 4
-4 9
+4 36
+11 24
-18 2
+18 4
433 30
+2 8
+3 8
-3 16
+3 16
cob=(2)
cfi=(18)
cfn=(44)
calls=8 0 
* 216
* 8
+1 16
+6 8
+1 40
cfi=(20)
cfn=(48)
calls=8 127 
* 104
+1 40
cfi=(20)
cfn=(48)
calls=8 127 
* 104
+4 8
-1 8
+5 40
202 27
458 27
-1 10
+1 20
199 3
+27 8
+11 8
-5 8
-6 16
+5 8
+2 16
+1 16
+3 32
+66 8
-97 8
+97 8
-66 8
+66 16
-65 24
+6 32
cfi=(27)
cfn=(150)
calls=8 -13 
* 360
* 52
cfi=(27)
cfn=(150)
calls=13 -13 
* 642
* 63
+4 63
-2 21
+2 21
cob=(2)
cfi=(18)
cfn=(110) 0x0000000004001090
calls=21 0 
* 51021
+1 42
+9 21
+2 42
+5 40
+6 8
+2 8
-8 16
+3 8
+1 8
+1 8
+1 8
+4 40
+4 63
+1 51
-43 908
+1 438
+44 618
-38 42
fi=(56)
85 3
fe=(48)
464 6
+1 1
+3 5
+11 4
cob=(2)
cfi=(18)
cfn=(44)
calls=1 0 
* 27
* 1
+2 2
+5 6
+1 1
+2 4
+2 1
+4 3
+4 2
-10 3
+2 9
+4 27
+4 18
-10 27
+13 2
+51 3
+2 1
-1 1
+1 2
+35 5
cfi=(20)
cfn=(48)
calls=1 127 
* 27
+4 5
cfi=(57) /build/glibc-eX1tMB/glibc-2.31/elf/dl-sort-maps.c
cfn=(180) _dl_sort_maps
calls=1 28 
* 1530
+3 1
+2 1
+1 1
-1 1
+2 2
+7 3
+3 3
+3 8
214 67
+3 8
fi=(56)
-86 24
cfi=(55) /build/glibc-eX1tMB/glibc-2.31/malloc/scratch_buffer_set_array_size.c
cfn=(176) __libc_scratch_buffer_set_array_size
calls=8 30 
* 144
fe=(48)
+86 16
+4 24
-61 2
380 18

fl=(50)
fn=(342)
348 1
+1 4
-1 1
+3 2
cfi=(53)
cfn=(344)
calls=1 78 
* 6
+1 1
+2 2

fn=(160)
187 70
+8 14
+3 21
+66 18
+6 35
+11 7
-2 7
fi=(52) /build/glibc-eX1tMB/glibc-2.31/elf/../sysdeps/x86/dl-procinfo.h
39 14
+3 21
cfi=(22)
cfn=(58)
calls=7 +69 
* 175
* 28
fe=(50)
285 28
cfi=(8)
cfn=(26)
calls=7 +83 
* 140
* 14
+8 14
+15 843
cfn=(168) _dl_cache_libcmp
calls=65 141 
* 5265
* 494
cfn=(168)
calls=13 141 
* 1571
* 84
-14 7
-1 14
+1 14
-1 14
+15 154
+16 14
+4 14
+8 21
cfi=(14)
cfn=(30)
calls=7 41 
* 243
* 91
+1 14
-1 7
+1 7
cfi=(20)
cfn=(48)
calls=7 127 
* 117
* 7
+1 7
cfi=(32)
cfn=(90)
calls=7 40 
* 675
+1 56
-3 14
201 4
cfi=(38)
cfn=(162)
calls=1 44 
* 99
* 1
+8 5
+1 8
+3 1
fi=(51) /build/glibc-eX1tMB/glibc-2.31/elf/../sysdeps/generic/dl-cache.h
-60 5
fe=(50)
320 49
218 1
+1 2

fn=(168)
141 78
+1 338
+2 1864
+20 904
+2 902
+5 776
-1 388
+1 388
-29 776
+32 39
-28 28
+6 14
+2 14
-2 14
+1 28
-1 14
+2 42
+2 42
-3 14
+3 14
+2 28
+1 3
+6 1
+10 1
-8 126

fl=(32)
fn=(90)
40 45
+1 9
cfi=(14)
cfn=(30)
calls=9 * 
* 321
* 9
+1 18
cob=(2)
cfi=(18)
cfn=(44)
calls=9 -42 
* 243
+2 18
+4 9
-1 27
+1 18
-1 9
cfi=(20)
cfn=(48)
calls=9 +80 
* 155

fl=(46)
fn=(144)
25 9
+1 36
+1 9

fl=(55)
fn=(176)
30 8
+4 8
-4 8
+1 8
+3 8
-3 8
-1 8
+5 8
-5 16
+5 8
+11 8
-1 16
+18 32

fl=(57)
fn=(180)
28 13
+2 2
+4 19
+1 3
-1 1
+1 2
cfi=(30)
cfn=(80)
calls=1 +73 
* 13
* 8
-2 4
+6 4
+3 1
-3 2
+1 3
+2 1
-3 36
+3 9
-3 18
+1 27
+2 9
+12 47
+2 27
+1 18
-1 87
+1 58
+33 74
-36 148
+61 51
+7 8
-63 333
+1 249
+6 1
-1 3
+1 2
-1 2
+1 1
-1 3
cfi=(20)
cfn=(48)
calls=1 +62 
* 11
+4 2
-2 1
+2 6
+8 7
+41 48
cfi=(30)
cfn=(80)
calls=8 -10 
* 119
* 24
-34 6
cfi=(20)
cfn=(48)
calls=1 +43 
* 13
+1 3
+2 1
-2 1
+2 1

fl=(17)
fn=(38)
59 99
+3 9
-3 18
+3 18
+15 32
cfi=(14)
cfn=(30)
calls=8 -36 
* 180
* 40
+12 32
cob=(2)
cfi=(18)
cfn=(40)
calls=8 -89 
* 382
* 4
cob=(2)
cfi=(18)
cfn=(40)
calls=1 -89 
* 45
* 9
+3 18
+4 9
+5 9
-6 9
+6 9
-5 9
+5 9
-5 9
+5 9
-1 9
+1 9
-1 9
+1 9
cfi=(20)
cfn=(48)
calls=9 +26 
* 118
* 9
+15 18
-15 9
+15 9
-13 9
+13 34
+6 1
+2 7
+3 2
-3 56
+3 16
+2 9
+4 9
+3 26
+2 1
-2 3
+2 15
-2 45
+16 18
-5 9
+5 9
-6 9
+6 9
-6 9
+6 18
+2 16
+3 16
-3 16
+7 44
+4 16
+2 1
+6 1
+3 1
+10 2
-10 1
+10 1
-10 8
+10 16
-10 8
+10 8
+2 8
+21 8
-21 8
cfi=(14)
cfn=(30)
calls=8 41 
* 306
+4 8
-4 24
+17 8
-13 24
+50 24
cfi=(20)
cfn=(78)
calls=8 114 
* 160
* 8
+5 16
+1 16
-1 238
+1 238
+2 16
+3 8
+3 8
+4 81
128 18
+37 24
-15 1
+7 4
-21 16
+60 16
cob=(2)
cfi=(18)
cfn=(44)
calls=8 0 
* 216
* 8
+1 32
64 2
+1 6
+9 1
-5 2

fn=(50)
31 18
+2 9
-2 18
+2 9
-2 18
+2 9
cfi=(2)
cfn=(52)
calls=9 801 
* 27
+2 62
+3 176
+2 8
+2 8
+4 8
+4 8
+1 8
-5 16
+1 16
+1 8
+3 8
-3 8
+3 8
-1 8
cfi=(2)
cfn=(54)
calls=8 807 
* 24
-4 1
+4 1
+1 1
-5 2
+1 2
+1 1
+3 1
-3 1
+3 1
-1 1
cfi=(2)
cfn=(54)
calls=1 807 
* 3
-5 2

fl=(10)
fn=(68)
46 5
+2 3
+85 5
-45 2
cfi=(26)
cfn=(70)
calls=1 -10 
* 6
+15 1
-15 2
+20 1
-1 1
+3 12
+4 3
-2 6
+2 9
+7 3
-1 3
+4 3
-2 3
+2 10
+5 2

fl=(36)
fn=(108) _dl_catch_error
225 10
+2 2
cob=(2)
cfi=(18)
cfn=(110)
calls=1 0 
* 2830
+1 2
+1 1
+1 1
-1 1
+1 1
+2 5

fn=(182)
238 6
+1 1
+1 1
+3 1
+1 1
+2 1
cfi=(2)
cfn=(184)
calls=1 639 
* 28766
+2 1
+1 1
+1 4

fn=(112) _dl_catch_exception
175 176
+3 44
+22 22
-1 22
+7 44
-6 22
+3 44
+3 22
cfi=(37)
cfn=(114)
calls=22 30 
* 528
* 88
+2 66
cfi=(48)
cfn=(152)
calls=21 61 
* 49740
cfi=(2)
cfn=(116)
calls=1 606 
* 2769
+2 22
-1 22
+1 22
-1 22
+1 44
+9 88

fl=(39)
fn=(124)
34 23
+3 23
-3 69
+3 138
+8 161
+2 9
-2 42
+2 14

ob=(2)
fl=(18)
fn=(408)
0 2
cob=(6)
cfi=(131)
cfn=(410)
calls=1 0 
0 108761

fn=(106)
0 2
cob=(1)
cfi=(36)
cfn=(108)
calls=1 225 
0 2853

fn=(352)
0 3
cob=(5)
cfi=(118) /build/glibc-eX1tMB/glibc-2.31/nptl/nptl-init.c
cfn=(354) __pthread_initialize_minimal
calls=1 244 
0 4508
0 2

fn=(360) 0x0000000005629a30
0 2
cob=(1)
cfi=(121)
cfn=(366)
calls=1 67 
0 1099
0 5

fn=(380) 0x0000000005629940
0 2
cob=(1)
cfi=(121)
cfn=(366)
calls=1 67 
0 1260
0 5

fn=(44)
0 110
cob=(1)
cfi=(19)
cfn=(46)
calls=55 49 
0 1499

fn=(40)
0 46
cob=(1)
cfi=(19)
cfn=(42)
calls=23 92 
0 913

fn=(394) 0x0000000005629a10
0 12
cob=(1)
cfi=(8)
cfn=(26)
calls=5 368 
0 95
cob=(1)
cfi=(121)
cfn=(366)
calls=1 67 
0 1052
0 5

fn=(110)
0 44
cob=(1)
cfi=(36)
cfn=(112)
calls=22 175 
0 53807

fn=(92)
0 18
cob=(1)
cfi=(19)
cfn=(94)
calls=9 109 
0 45

fn=(374) 0x00000000056295d0
0 2
cob=(1)
cfi=(121)
cfn=(366)
calls=1 67 
0 789
0 5

ob=(5)
fl=(128) /build/glibc-eX1tMB/glibc-2.31/nptl/pthread_mutex_conf.c
fn=(392) __pthread_tunables_init
42 2
+1 2
-1 3
+1 2
cob=(2)
cfi=(18)
cfn=(394)
calls=1 -43 
* 1059
+2 5

fl=(118)
fn=(354)
244 7
+2 1
fi=(119) /build/glibc-eX1tMB/glibc-2.31/nptl/../sysdeps/unix/sysv/linux/pthread-pids.h
29 1
fe=(118)
244 4
fi=(119)
29 3
fe=(118)
248 2
+1 1
+5 1
+8 1
-4 1
+4 1
-8 3
+8 1
+10 3
+4 1
-1 1
fi=(136) /build/glibc-eX1tMB/glibc-2.31/nptl/../include/list.h
46 1
-2 1
+4 1
fe=(118)
280 2
+3 3
+7 3
-1 18
+1 1
-2 1
+2 1
-2 1
+2 1
cfi=(120) /build/glibc-eX1tMB/glibc-2.31/nptl/../sysdeps/unix/sysv/linux/sigaction.c
cfn=(358) __libc_sigaction
calls=1 43 
* 51
+5 3
-2 1
+1 1
-1 1
+2 1
cfi=(120)
cfn=(358)
calls=1 43 
* 51
+9 3
-3 1
+3 1
-3 1
+3 2
+7 3
cob=(2)
cfi=(18)
cfn=(360)
calls=1 0 
* 1106
+3 4
+2 1
+2 2
+5 2
-5 4
+5 1
cob=(2)
cfi=(18)
cfn=(374)
calls=1 0 
* 796
* 3
+1 3
+4 4
+7 2
+1 3
+5 6
+1 1
-1 1
+1 3
+1 1
+1 1
-1 1
+2 4
+5 2
+2 1
-2 1
+3 1
+2 1
-5 1
+4 3
+3 1
+3 1
-3 1
+3 2
+8 1
-8 1
+8 2
-8 2
+8 1
cob=(2)
cfi=(18)
cfn=(380)
calls=1 0 
* 1267
+4 1
-6 1
+9 1
cfi=(128)
cfn=(392)
calls=1 42 
* 1073
+2 8

fl=(120)
fn=(358)
43 12
+5 4
+2 2
+1 2
+7 2
-7 8
-1 2
+3 2
-2 10
+7 2
-5 2
+5 2
-7 2
+2 2
-2 2
+2 6
+5 4
-7 8
+7 12
+4 4
+8 12

fl=(134) /build/glibc-eX1tMB/glibc-2.31/nptl/pthread_mutex_unlock.c
fn=(1442) pthread_mutex_unlock
356 1
41 3
+1 3
+5 2
+8 1
+3 1
-6 1
+6 4
+2 1
358 2
64 2
+6 4
+4 3
+3 3

fl=(130)
fn=(406)
105 2
+5 1
-5 1
+5 1
-5 3
+5 3
cob=(2)
cfi=(18)
cfn=(394)
calls=1 0 
* 21
+2 4
cob=(2)
cfi=(18)
cfn=(394)
calls=1 0 
* 21
+2 4
cob=(2)
cfi=(18)
cfn=(394)
calls=1 0 
* 21
+2 4
cob=(2)
cfi=(18)
cfn=(394)
calls=1 0 
* 21
+2 4
cob=(2)
cfi=(18)
cfn=(394)
calls=1 0 
* 21
+4 3
+1 1
+1 6

fl=(129)
fn=(400)
0 12

fl=(133) /build/glibc-eX1tMB/glibc-2.31/nptl/../nptl/pthread_mutex_lock.c
fn=(1418) pthread_mutex_lock
64 1
+3 3
+2 1
+2 2
-7 2
+11 2
+81 1
+3 1
+2 1
+3 1
+2 1
+1 3
-83 2
+11 4
+4 1
+3 2
+13 2
+2 3
+1 2

ob=(3)
fl=(67)
fn=(226)
28 1
fi=(137) /build/glibc-eX1tMB/glibc-2.31/string/../sysdeps/x86_64/multiarch/ifunc-avx2.h
+4 3
-2 5
fe=(67)
-2 1

fl=(64)
fn=(220)
29 1
fi=(138) /build/glibc-eX1tMB/glibc-2.31/string/../sysdeps/x86_64/multiarch/ifunc-strcpy.h
+7 3
-2 1
+2 1
-2 2
fe=(64)
-5 1

fl=(69)
fn=(230)
31 2
fi=(139) /build/glibc-eX1tMB/glibc-2.31/wcsmbs/../sysdeps/x86_64/multiarch/ifunc-avx2.h
+1 6
-2 10
fe=(69)
+1 2

fl=(85)
fn=(266)
31 2
fi=(86) /build/glibc-eX1tMB/glibc-2.31/wcsmbs/../sysdeps/x86_64/multiarch/ifunc-wmemset.h
+1 4
-2 2
+2 6
-2 4
+5 2
-1 2
+1 2
-1 6
fe=(85)
-3 4

fl=(82)
fn=(258)
29 1
fi=(138)
+7 3
-2 1
+2 1
-2 2
fe=(82)
-5 1

fl=(97)
fn=(290)
33 1
fi=(138)
+3 3
-2 1
+2 1
-2 2
fe=(97)
-1 1

fl=(74)
fn=(242)
54 1
-13 3
-2 1
+2 1
-2 2
+15 1

fl=(95)
fn=(286)
29 1
fi=(140) /build/glibc-eX1tMB/glibc-2.31/string/../sysdeps/x86_64/multiarch/ifunc-sse4_2.h
+1 5
fe=(95)
-1 1

fl=(123) /build/glibc-eX1tMB/glibc-2.31/resource/../sysdeps/unix/sysv/linux/getrlimit64.c
fn=(378) getrlimit
37 2
+1 7
+1 1

fl=(93)
fn=(282)
29 1
fi=(137)
+3 3
-2 5
fe=(93)
-1 1

fl=(100)
fn=(296)
31 1
fi=(137)
+1 3
-2 5
fe=(100)
+1 1

fl=(66)
fn=(224)
29 1
fi=(138)
+7 3
-2 1
+2 1
-2 2
fe=(66)
-5 1

fl=(91)
fn=(278)
29 1
fi=(137)
+3 3
-2 5
fe=(91)
-1 1

fl=(101)
fn=(298)
31 1
fi=(141) /build/glibc-eX1tMB/glibc-2.31/string/../sysdeps/x86_64/multiarch/ifunc-strcasecmp.h
+1 4
fe=(101)
-1 1

fl=(83)
fn=(260)
29 1
fi=(63) /build/glibc-eX1tMB/glibc-2.31/string/../sysdeps/x86_64/multiarch/ifunc-memmove.h
+16 3
-1 2
+5 2
-1 2
+12 2
+2 5
fe=(83)

fl=(71)
fn=(234)
33 1
fi=(63)
+12 3
-1 2
+5 2
-1 2
+12 2
+2 5
fe=(71)

fl=(79)
fn=(252)
31 2
fi=(137)
+1 6
-2 10
fe=(79)
+1 2

fl=(92)
fn=(280)
31 1
fi=(141)
+1 4
fe=(92)
-1 1

fl=(75)
fn=(244)
53 1
-12 3
-2 1
+2 1
-2 2
+14 1

fl=(62)
fn=(216)
29 2
fi=(63)
+16 6
-1 4
+5 4
-1 4
+12 4
+2 10
fe=(62)

fl=(87)
fn=(270)
43 1
-6 5
+6 1

fl=(84)
fn=(264)
49 1
-9 3
-2 1
+2 1
-2 2
+11 1

fl=(89)
fn=(274)
49 1
-9 3
-2 1
+2 1
-2 2
+11 1

fl=(72)
fn=(238)
29 1
fi=(73) /build/glibc-eX1tMB/glibc-2.31/string/../sysdeps/x86_64/multiarch/ifunc-memcmp.h
+3 1
+1 3
-1 2
+2 3
+1 2
fe=(72)
-6 1

fl=(125) /build/glibc-eX1tMB/glibc-2.31/nptl/register-atfork.c
fn=(386) __register_atfork
39 6
+1 3
fi=(126) /build/glibc-eX1tMB/glibc-2.31/nptl/../sysdeps/unix/sysv/linux/x86/lowlevellock.h
+7 2
fe=(125)
-5 2
fi=(127) /build/glibc-eX1tMB/glibc-2.31/nptl/../malloc/dynarray-skeleton.c
195 1
fe=(125)
45 1
fi=(127)
197 2
fe=(125)
45 1
fi=(127)
195 1
319 1
+1 1
-1 1
-1 1
+2 1
fe=(125)
49 2
+2 1
+2 1
+1 1
-3 2
+7 4
+2 2
+1 1
-1 1
+1 2

fl=(68)
fn=(228)
31 1
fi=(137)
+1 3
-2 5
fe=(68)
+1 1

fl=(124) /build/glibc-eX1tMB/glibc-2.31/nptl/libc_pthread_init.c
fn=(384) __libc_pthread_init
43 2
+5 1
-5 1
+5 1
-3 1
+3 3
cfi=(125)
cfn=(386)
calls=1 -9 
* 41
+19 3
+3 3
+1 1
-4 3
+3 123
+1 41
-4 123
+12 2
-6 1
+6 1

fl=(70)
fn=(232)
30 1
fi=(139)
+2 3
-2 6
fe=(70)

fl=(65)
fn=(222)
31 1
fi=(141)
+1 4
fe=(65)
-1 1

fl=(98)
fn=(292)
29 1
fi=(99) /build/glibc-eX1tMB/glibc-2.31/wcsmbs/../sysdeps/x86_64/multiarch/ifunc-memcmp.h
+3 1
+1 3
-1 2
+2 3
+1 2
fe=(98)
-6 1

fl=(90)
fn=(276)
29 1
fi=(137)
+3 3
-2 5
fe=(90)
-1 1

fl=(76)
fn=(246)
29 1
fi=(77) /build/glibc-eX1tMB/glibc-2.31/string/../sysdeps/x86_64/multiarch/ifunc-memset.h
+13 5
+4 2
-1 2
+12 4
+2 5
fe=(76)

fl=(80)
fn=(254)
29 1
fi=(140)
+1 5
fe=(80)
-1 1

fl=(78)
fn=(250)
31 2
fi=(139)
+1 6
-2 10
fe=(78)
+1 2

fl=(132) /build/glibc-eX1tMB/glibc-2.31/elf/dl-iteratephdr.c
fn=(1416) dl_iterate_phdr
34 9
+6 1
-6 1
+6 1
-6 3
+6 1
cob=(5)
cfi=(133)
cfn=(1418)
calls=1 +24 
* 35
+9 1
-4 1
+3 1
+1 3
+14 10
+2 6
+1 2
+5 2
-5 2
+1 4
+1 4
+1 4
+1 4
+2 4
+1 4
+2 10
cob=(6)
cfi=(131)
cfn=(1420)
calls=2 -75 
* 61
+1 5
+6 2
cob=(5)
cfi=(134)
cfn=(1442)
calls=1 356 
* 31
+3 12
-39 2

fl=(81)
fn=(256)
31 1
fi=(141)
+1 4
fe=(81)
-1 1

fl=(94)
fn=(284)
29 1
fi=(139)
+3 3
-2 5
fe=(94)
-1 1

fl=(88)
fn=(272)
29 1
fi=(140)
+1 5
fe=(88)
-1 1

fl=(96)
fn=(288)
31 1
fi=(138)
+5 3
-2 1
+2 1
-2 2
fe=(96)
-3 1

ob=(4)
fl=(116)
fn=(332)
26 1
fi=(142) /build/glibc-eX1tMB/glibc-2.31/math/../sysdeps/x86_64/fpu/multiarch/ifunc-avx-fma4.h
+7 5
-1 2
fe=(116)
-6 1

fl=(104)
fn=(306)
27 1
fi=(143) /build/glibc-eX1tMB/glibc-2.31/math/../sysdeps/x86_64/fpu/multiarch/ifunc-fma.h
+3 1
-1 1
+1 2
-1 3
fe=(104)
-2 1

fl=(114)
fn=(326)
26 1
fi=(143)
+4 1
-1 1
+1 2
-1 3
fe=(114)
-3 1

fl=(107)
fn=(312)
26 1
fi=(143)
+4 1
-1 1
+1 2
-1 3
fe=(107)
-3 1

fl=(106)
fn=(310)
27 1
fi=(143)
+3 1
-1 1
+1 2
-1 3
fe=(106)
-2 1

fl=(105)
fn=(334)
27 1
fi=(142)
+6 5
-1 2
fe=(105)
-5 1

fn=(308)
34 1
fi=(142)
-1 5
-1 2
fe=(105)
+2 1

fl=(110)
fn=(318)
27 1
fi=(143)
+3 1
-1 1
+1 2
-1 3
fe=(110)
-2 1

fl=(103)
fn=(304)
27 1
fi=(142)
+6 5
-1 2
fe=(103)
-5 1

fl=(108)
fn=(314)
30 2
fi=(143)
-1 1
+1 2
-1 3
fe=(108)
+1 1

fl=(112)
fn=(328)
27 1
fi=(113) /build/glibc-eX1tMB/glibc-2.31/math/../sysdeps/x86_64/fpu/multiarch/ifunc-fma4.h
+5 5
-1 2
fe=(112)
-4 1

fn=(322)
35 1
fi=(113)
-3 5
-1 2
+4 1
fe=(112)

fl=(115)
fn=(330)
27 1
fi=(143)
+3 1
-1 1
+1 2
-1 3
fe=(115)
-2 1

fl=(111)
fn=(320)
27 1
fi=(142)
+6 5
-1 2
fe=(111)
-5 1

fl=(102)
fn=(302)
26 1
fi=(143)
+4 1
-1 1
+1 2
-1 3
fe=(102)
-3 1

fl=(109)
fn=(316)
27 1
fi=(113)
+5 5
-1 2
fe=(109)
-4 1

totals: 2965008
